2023,1,10,64,64,0.0,0.0,0.1
2023,1,10,64,64,0.0,0.0,0.3
2023,1,10,64,64,0.0,0.0,0.5
2023,1,10,64,64,0.0,0.0,0.8
2023,1,20,64,64,0.0,0.0,0.1
2023,1,20,64,64,0.0,0.0,0.3
2023,1,20,64,64,0.0,0.0,0.5
2023,1,20,64,64,0.0,0.0,0.8
2023,1,30,64,64,0.0,0.0,0.1
2023,1,30,64,64,0.0,0.0,0.3
2023,1,30,64,64,0.0,0.0,0.5
2023,1,30,64,64,0.0,0.0,0.8
2023,1,50,64,64,0.0,0.0,0.1
2023,1,50,64,64,0.0,0.0,0.3
2023,1,50,64,64,0.0,0.0,0.5
2023,1,50,64,64,0.0,0.0,0.8
2023,1,100,64,64,0.0,0.0,0.1
2023,1,100,64,64,0.0,0.0,0.3
2023,1,100,64,64,0.0,0.0,0.5
2023,1,100,64,64,0.0,0.0,0.8
2024,1,10,64,64,0.0,0.0,0.1
2024,1,10,64,64,0.0,0.0,0.3
2024,1,10,64,64,0.0,0.0,0.5
2024,1,10,64,64,0.0,0.0,0.8
2024,1,20,64,64,0.0,0.0,0.1
2024,1,20,64,64,0.0,0.0,0.3
2024,1,20,64,64,0.0,0.0,0.5
2024,1,20,64,64,0.0,0.0,0.8
2024,1,30,64,64,0.0,0.0,0.1
2024,1,30,64,64,0.0,0.0,0.3
2024,1,30,64,64,0.0,0.0,0.5
2024,1,30,64,64,0.0,0.0,0.8
2024,1,50,64,64,0.0,0.0,0.1
2024,1,50,64,64,0.0,0.0,0.3
2024,1,50,64,64,0.0,0.0,0.5
2024,1,50,64,64,0.0,0.0,0.8
2024,1,100,64,64,0.0,0.0,0.1
2024,1,100,64,64,0.0,0.0,0.3
2024,1,100,64,64,0.0,0.0,0.5
2024,1,100,64,64,0.0,0.0,0.8
2025,1,10,64,64,0.0,0.0,0.1
2025,1,10,64,64,0.0,0.0,0.3
2025,1,10,64,64,0.0,0.0,0.5
2025,1,10,64,64,0.0,0.0,0.8
2025,1,20,64,64,0.0,0.0,0.1
2025,1,20,64,64,0.0,0.0,0.3
2025,1,20,64,64,0.0,0.0,0.5
2025,1,20,64,64,0.0,0.0,0.8
2025,1,30,64,64,0.0,0.0,0.1
2025,1,30,64,64,0.0,0.0,0.3
2025,1,30,64,64,0.0,0.0,0.5
2025,1,30,64,64,0.0,0.0,0.8
2025,1,50,64,64,0.0,0.0,0.1
2025,1,50,64,64,0.0,0.0,0.3
2025,1,50,64,64,0.0,0.0,0.5
2025,1,50,64,64,0.0,0.0,0.8
2025,1,100,64,64,0.0,0.0,0.1
2025,1,100,64,64,0.0,0.0,0.3
2025,1,100,64,64,0.0,0.0,0.5
2025,1,100,64,64,0.0,0.0,0.8
2026,1,10,64,64,0.0,0.0,0.1
2026,1,10,64,64,0.0,0.0,0.3
2026,1,10,64,64,0.0,0.0,0.5
2026,1,10,64,64,0.0,0.0,0.8
2026,1,20,64,64,0.0,0.0,0.1
2026,1,20,64,64,0.0,0.0,0.3
2026,1,20,64,64,0.0,0.0,0.5
2026,1,20,64,64,0.0,0.0,0.8
2026,1,30,64,64,0.0,0.0,0.1
2026,1,30,64,64,0.0,0.0,0.3
2026,1,30,64,64,0.0,0.0,0.5
2026,1,30,64,64,0.0,0.0,0.8
2026,1,50,64,64,0.0,0.0,0.1
2026,1,50,64,64,0.0,0.0,0.3
2026,1,50,64,64,0.0,0.0,0.5
2026,1,50,64,64,0.0,0.0,0.8
2026,1,100,64,64,0.0,0.0,0.1
2026,1,100,64,64,0.0,0.0,0.3
2026,1,100,64,64,0.0,0.0,0.5
2026,1,100,64,64,0.0,0.0,0.8
2027,1,10,64,64,0.0,0.0,0.1
2027,1,10,64,64,0.0,0.0,0.3
2027,1,10,64,64,0.0,0.0,0.5
2027,1,10,64,64,0.0,0.0,0.8
2027,1,20,64,64,0.0,0.0,0.1
2027,1,20,64,64,0.0,0.0,0.3
2027,1,20,64,64,0.0,0.0,0.5
2027,1,20,64,64,0.0,0.0,0.8
2027,1,30,64,64,0.0,0.0,0.1
2027,1,30,64,64,0.0,0.0,0.3
2027,1,30,64,64,0.0,0.0,0.5
2027,1,30,64,64,0.0,0.0,0.8
2027,1,50,64,64,0.0,0.0,0.1
2027,1,50,64,64,0.0,0.0,0.3
2027,1,50,64,64,0.0,0.0,0.5
2027,1,50,64,64,0.0,0.0,0.8
2027,1,100,64,64,0.0,0.0,0.1
2027,1,100,64,64,0.0,0.0,0.3
2027,1,100,64,64,0.0,0.0,0.5
2027,1,100,64,64,0.0,0.0,0.8
2028,1,10,64,64,0.0,0.0,0.1
2028,1,10,64,64,0.0,0.0,0.3
2028,1,10,64,64,0.0,0.0,0.5
2028,1,10,64,64,0.0,0.0,0.8
2028,1,20,64,64,0.0,0.0,0.1
2028,1,20,64,64,0.0,0.0,0.3
2028,1,20,64,64,0.0,0.0,0.5
2028,1,20,64,64,0.0,0.0,0.8
2028,1,30,64,64,0.0,0.0,0.1
2028,1,30,64,64,0.0,0.0,0.3
2028,1,30,64,64,0.0,0.0,0.5
2028,1,30,64,64,0.0,0.0,0.8
2028,1,50,64,64,0.0,0.0,0.1
2028,1,50,64,64,0.0,0.0,0.3
2028,1,50,64,64,0.0,0.0,0.5
2028,1,50,64,64,0.0,0.0,0.8
2028,1,100,64,64,0.0,0.0,0.1
2028,1,100,64,64,0.0,0.0,0.3
2028,1,100,64,64,0.0,0.0,0.5
2028,1,100,64,64,0.0,0.0,0.8
2029,1,10,64,64,0.0,0.0,0.1
2029,1,10,64,64,0.0,0.0,0.3
2029,1,10,64,64,0.0,0.0,0.5
2029,1,10,64,64,0.0,0.0,0.8
2029,1,20,64,64,0.0,0.0,0.1
2029,1,20,64,64,0.0,0.0,0.3
2029,1,20,64,64,0.0,0.0,0.5
2029,1,20,64,64,0.0,0.0,0.8
2029,1,30,64,64,0.0,0.0,0.1
2029,1,30,64,64,0.0,0.0,0.3
2029,1,30,64,64,0.0,0.0,0.5
2029,1,30,64,64,0.0,0.0,0.8
2029,1,50,64,64,0.0,0.0,0.1
2029,1,50,64,64,0.0,0.0,0.3
2029,1,50,64,64,0.0,0.0,0.5
2029,1,50,64,64,0.0,0.0,0.8
2029,1,100,64,64,0.0,0.0,0.1
2029,1,100,64,64,0.0,0.0,0.3
2029,1,100,64,64,0.0,0.0,0.5
2029,1,100,64,64,0.0,0.0,0.8
2030,1,10,64,64,0.0,0.0,0.1
2030,1,10,64,64,0.0,0.0,0.3
2030,1,10,64,64,0.0,0.0,0.5
2030,1,10,64,64,0.0,0.0,0.8
2030,1,20,64,64,0.0,0.0,0.1
2030,1,20,64,64,0.0,0.0,0.3
2030,1,20,64,64,0.0,0.0,0.5
2030,1,20,64,64,0.0,0.0,0.8
2030,1,30,64,64,0.0,0.0,0.1
2030,1,30,64,64,0.0,0.0,0.3
2030,1,30,64,64,0.0,0.0,0.5
2030,1,30,64,64,0.0,0.0,0.8
2030,1,50,64,64,0.0,0.0,0.1
2030,1,50,64,64,0.0,0.0,0.3
2030,1,50,64,64,0.0,0.0,0.5
2030,1,50,64,64,0.0,0.0,0.8
2030,1,100,64,64,0.0,0.0,0.1
2030,1,100,64,64,0.0,0.0,0.3
2030,1,100,64,64,0.0,0.0,0.5
2030,1,100,64,64,0.0,0.0,0.8
2031,1,10,64,64,0.0,0.0,0.1
2031,1,10,64,64,0.0,0.0,0.3
2031,1,10,64,64,0.0,0.0,0.5
2031,1,10,64,64,0.0,0.0,0.8
2031,1,20,64,64,0.0,0.0,0.1
2031,1,20,64,64,0.0,0.0,0.3
2031,1,20,64,64,0.0,0.0,0.5
2031,1,20,64,64,0.0,0.0,0.8
2031,1,30,64,64,0.0,0.0,0.1
2031,1,30,64,64,0.0,0.0,0.3
2031,1,30,64,64,0.0,0.0,0.5
2031,1,30,64,64,0.0,0.0,0.8
2031,1,50,64,64,0.0,0.0,0.1
2031,1,50,64,64,0.0,0.0,0.3
2031,1,50,64,64,0.0,0.0,0.5
2031,1,50,64,64,0.0,0.0,0.8
2031,1,100,64,64,0.0,0.0,0.1
2031,1,100,64,64,0.0,0.0,0.3
2031,1,100,64,64,0.0,0.0,0.5
2031,1,100,64,64,0.0,0.0,0.8
