0,1,20,32,64,0.0,0.0
0,1,20,32,64,0.0,0.01
0,1,20,32,64,0.0,0.1
0,1,20,32,64,0.05,0.0
0,1,20,32,64,0.05,0.01
0,1,20,32,64,0.05,0.1
0,1,20,32,64,0.1,0.0
0,1,20,32,64,0.1,0.01
0,1,20,32,64,0.1,0.1
0,1,20,32,128,0.0,0.0
0,1,20,32,128,0.0,0.01
0,1,20,32,128,0.0,0.1
0,1,20,32,128,0.05,0.0
0,1,20,32,128,0.05,0.01
0,1,20,32,128,0.05,0.1
0,1,20,32,128,0.1,0.0
0,1,20,32,128,0.1,0.01
0,1,20,32,128,0.1,0.1
0,1,20,32,256,0.0,0.0
0,1,20,32,256,0.0,0.01
0,1,20,32,256,0.0,0.1
0,1,20,32,256,0.05,0.0
0,1,20,32,256,0.05,0.01
0,1,20,32,256,0.05,0.1
0,1,20,32,256,0.1,0.0
0,1,20,32,256,0.1,0.01
0,1,20,32,256,0.1,0.1
0,1,20,64,64,0.0,0.0
0,1,20,64,64,0.0,0.01
0,1,20,64,64,0.0,0.1
0,1,20,64,64,0.05,0.0
0,1,20,64,64,0.05,0.01
0,1,20,64,64,0.05,0.1
0,1,20,64,64,0.1,0.0
0,1,20,64,64,0.1,0.01
0,1,20,64,64,0.1,0.1
0,1,20,64,128,0.0,0.0
0,1,20,64,128,0.0,0.01
0,1,20,64,128,0.0,0.1
0,1,20,64,128,0.05,0.0
0,1,20,64,128,0.05,0.01
0,1,20,64,128,0.05,0.1
0,1,20,64,128,0.1,0.0
0,1,20,64,128,0.1,0.01
0,1,20,64,128,0.1,0.1
0,1,20,64,256,0.0,0.0
0,1,20,64,256,0.0,0.01
0,1,20,64,256,0.0,0.1
0,1,20,64,256,0.05,0.0
0,1,20,64,256,0.05,0.01
0,1,20,64,256,0.05,0.1
0,1,20,64,256,0.1,0.0
0,1,20,64,256,0.1,0.01
0,1,20,64,256,0.1,0.1
0,1,50,32,64,0.0,0.0
0,1,50,32,64,0.0,0.01
0,1,50,32,64,0.0,0.1
0,1,50,32,64,0.05,0.0
0,1,50,32,64,0.05,0.01
0,1,50,32,64,0.05,0.1
0,1,50,32,64,0.1,0.0
0,1,50,32,64,0.1,0.01
0,1,50,32,64,0.1,0.1
0,1,50,32,128,0.0,0.0
0,1,50,32,128,0.0,0.01
0,1,50,32,128,0.0,0.1
0,1,50,32,128,0.05,0.0
0,1,50,32,128,0.05,0.01
0,1,50,32,128,0.05,0.1
0,1,50,32,128,0.1,0.0
0,1,50,32,128,0.1,0.01
0,1,50,32,128,0.1,0.1
0,1,50,32,256,0.0,0.0
0,1,50,32,256,0.0,0.01
0,1,50,32,256,0.0,0.1
0,1,50,32,256,0.05,0.0
0,1,50,32,256,0.05,0.01
0,1,50,32,256,0.05,0.1
0,1,50,32,256,0.1,0.0
0,1,50,32,256,0.1,0.01
0,1,50,32,256,0.1,0.1
0,1,50,64,64,0.0,0.0
0,1,50,64,64,0.0,0.01
0,1,50,64,64,0.0,0.1
0,1,50,64,64,0.05,0.0
0,1,50,64,64,0.05,0.01
0,1,50,64,64,0.05,0.1
0,1,50,64,64,0.1,0.0
0,1,50,64,64,0.1,0.01
0,1,50,64,64,0.1,0.1
0,1,50,64,128,0.0,0.0
0,1,50,64,128,0.0,0.01
0,1,50,64,128,0.0,0.1
0,1,50,64,128,0.05,0.0
0,1,50,64,128,0.05,0.01
0,1,50,64,128,0.05,0.1
0,1,50,64,128,0.1,0.0
0,1,50,64,128,0.1,0.01
0,1,50,64,128,0.1,0.1
0,1,50,64,256,0.0,0.0
0,1,50,64,256,0.0,0.01
0,1,50,64,256,0.0,0.1
0,1,50,64,256,0.05,0.0
0,1,50,64,256,0.05,0.01
0,1,50,64,256,0.05,0.1
0,1,50,64,256,0.1,0.0
0,1,50,64,256,0.1,0.01
0,1,50,64,256,0.1,0.1
0,1,100,32,64,0.0,0.0
0,1,100,32,64,0.0,0.01
0,1,100,32,64,0.0,0.1
0,1,100,32,64,0.05,0.0
0,1,100,32,64,0.05,0.01
0,1,100,32,64,0.05,0.1
0,1,100,32,64,0.1,0.0
0,1,100,32,64,0.1,0.01
0,1,100,32,64,0.1,0.1
0,1,100,32,128,0.0,0.0
0,1,100,32,128,0.0,0.01
0,1,100,32,128,0.0,0.1
0,1,100,32,128,0.05,0.0
0,1,100,32,128,0.05,0.01
0,1,100,32,128,0.05,0.1
0,1,100,32,128,0.1,0.0
0,1,100,32,128,0.1,0.01
0,1,100,32,128,0.1,0.1
0,1,100,32,256,0.0,0.0
0,1,100,32,256,0.0,0.01
0,1,100,32,256,0.0,0.1
0,1,100,32,256,0.05,0.0
0,1,100,32,256,0.05,0.01
0,1,100,32,256,0.05,0.1
0,1,100,32,256,0.1,0.0
0,1,100,32,256,0.1,0.01
0,1,100,32,256,0.1,0.1
0,1,100,64,64,0.0,0.0
0,1,100,64,64,0.0,0.01
0,1,100,64,64,0.0,0.1
0,1,100,64,64,0.05,0.0
0,1,100,64,64,0.05,0.01
0,1,100,64,64,0.05,0.1
0,1,100,64,64,0.1,0.0
0,1,100,64,64,0.1,0.01
0,1,100,64,64,0.1,0.1
0,1,100,64,128,0.0,0.0
0,1,100,64,128,0.0,0.01
0,1,100,64,128,0.0,0.1
0,1,100,64,128,0.05,0.0
0,1,100,64,128,0.05,0.01
0,1,100,64,128,0.05,0.1
0,1,100,64,128,0.1,0.0
0,1,100,64,128,0.1,0.01
0,1,100,64,128,0.1,0.1
0,1,100,64,256,0.0,0.0
0,1,100,64,256,0.0,0.01
0,1,100,64,256,0.0,0.1
0,1,100,64,256,0.05,0.0
0,1,100,64,256,0.05,0.01
0,1,100,64,256,0.05,0.1
0,1,100,64,256,0.1,0.0
0,1,100,64,256,0.1,0.01
0,1,100,64,256,0.1,0.1
0,2,20,32,64,0.0,0.0
0,2,20,32,64,0.0,0.01
0,2,20,32,64,0.0,0.1
0,2,20,32,64,0.05,0.0
0,2,20,32,64,0.05,0.01
0,2,20,32,64,0.05,0.1
0,2,20,32,64,0.1,0.0
0,2,20,32,64,0.1,0.01
0,2,20,32,64,0.1,0.1
0,2,20,32,128,0.0,0.0
0,2,20,32,128,0.0,0.01
0,2,20,32,128,0.0,0.1
0,2,20,32,128,0.05,0.0
0,2,20,32,128,0.05,0.01
0,2,20,32,128,0.05,0.1
0,2,20,32,128,0.1,0.0
0,2,20,32,128,0.1,0.01
0,2,20,32,128,0.1,0.1
0,2,20,32,256,0.0,0.0
0,2,20,32,256,0.0,0.01
0,2,20,32,256,0.0,0.1
0,2,20,32,256,0.05,0.0
0,2,20,32,256,0.05,0.01
0,2,20,32,256,0.05,0.1
0,2,20,32,256,0.1,0.0
0,2,20,32,256,0.1,0.01
0,2,20,32,256,0.1,0.1
0,2,20,64,64,0.0,0.0
0,2,20,64,64,0.0,0.01
0,2,20,64,64,0.0,0.1
0,2,20,64,64,0.05,0.0
0,2,20,64,64,0.05,0.01
0,2,20,64,64,0.05,0.1
0,2,20,64,64,0.1,0.0
0,2,20,64,64,0.1,0.01
0,2,20,64,64,0.1,0.1
0,2,20,64,128,0.0,0.0
0,2,20,64,128,0.0,0.01
0,2,20,64,128,0.0,0.1
0,2,20,64,128,0.05,0.0
0,2,20,64,128,0.05,0.01
0,2,20,64,128,0.05,0.1
0,2,20,64,128,0.1,0.0
0,2,20,64,128,0.1,0.01
0,2,20,64,128,0.1,0.1
0,2,20,64,256,0.0,0.0
0,2,20,64,256,0.0,0.01
0,2,20,64,256,0.0,0.1
0,2,20,64,256,0.05,0.0
0,2,20,64,256,0.05,0.01
0,2,20,64,256,0.05,0.1
0,2,20,64,256,0.1,0.0
0,2,20,64,256,0.1,0.01
0,2,20,64,256,0.1,0.1
0,2,50,32,64,0.0,0.0
0,2,50,32,64,0.0,0.01
0,2,50,32,64,0.0,0.1
0,2,50,32,64,0.05,0.0
0,2,50,32,64,0.05,0.01
0,2,50,32,64,0.05,0.1
0,2,50,32,64,0.1,0.0
0,2,50,32,64,0.1,0.01
0,2,50,32,64,0.1,0.1
0,2,50,32,128,0.0,0.0
0,2,50,32,128,0.0,0.01
0,2,50,32,128,0.0,0.1
0,2,50,32,128,0.05,0.0
0,2,50,32,128,0.05,0.01
0,2,50,32,128,0.05,0.1
0,2,50,32,128,0.1,0.0
0,2,50,32,128,0.1,0.01
0,2,50,32,128,0.1,0.1
0,2,50,32,256,0.0,0.0
0,2,50,32,256,0.0,0.01
0,2,50,32,256,0.0,0.1
0,2,50,32,256,0.05,0.0
0,2,50,32,256,0.05,0.01
0,2,50,32,256,0.05,0.1
0,2,50,32,256,0.1,0.0
0,2,50,32,256,0.1,0.01
0,2,50,32,256,0.1,0.1
0,2,50,64,64,0.0,0.0
0,2,50,64,64,0.0,0.01
0,2,50,64,64,0.0,0.1
0,2,50,64,64,0.05,0.0
0,2,50,64,64,0.05,0.01
0,2,50,64,64,0.05,0.1
0,2,50,64,64,0.1,0.0
0,2,50,64,64,0.1,0.01
0,2,50,64,64,0.1,0.1
0,2,50,64,128,0.0,0.0
0,2,50,64,128,0.0,0.01
0,2,50,64,128,0.0,0.1
0,2,50,64,128,0.05,0.0
0,2,50,64,128,0.05,0.01
0,2,50,64,128,0.05,0.1
0,2,50,64,128,0.1,0.0
0,2,50,64,128,0.1,0.01
0,2,50,64,128,0.1,0.1
0,2,50,64,256,0.0,0.0
0,2,50,64,256,0.0,0.01
0,2,50,64,256,0.0,0.1
0,2,50,64,256,0.05,0.0
0,2,50,64,256,0.05,0.01
0,2,50,64,256,0.05,0.1
0,2,50,64,256,0.1,0.0
0,2,50,64,256,0.1,0.01
0,2,50,64,256,0.1,0.1
0,2,100,32,64,0.0,0.0
0,2,100,32,64,0.0,0.01
0,2,100,32,64,0.0,0.1
0,2,100,32,64,0.05,0.0
0,2,100,32,64,0.05,0.01
0,2,100,32,64,0.05,0.1
0,2,100,32,64,0.1,0.0
0,2,100,32,64,0.1,0.01
0,2,100,32,64,0.1,0.1
0,2,100,32,128,0.0,0.0
0,2,100,32,128,0.0,0.01
0,2,100,32,128,0.0,0.1
0,2,100,32,128,0.05,0.0
0,2,100,32,128,0.05,0.01
0,2,100,32,128,0.05,0.1
0,2,100,32,128,0.1,0.0
0,2,100,32,128,0.1,0.01
0,2,100,32,128,0.1,0.1
0,2,100,32,256,0.0,0.0
0,2,100,32,256,0.0,0.01
0,2,100,32,256,0.0,0.1
0,2,100,32,256,0.05,0.0
0,2,100,32,256,0.05,0.01
0,2,100,32,256,0.05,0.1
0,2,100,32,256,0.1,0.0
0,2,100,32,256,0.1,0.01
0,2,100,32,256,0.1,0.1
0,2,100,64,64,0.0,0.0
0,2,100,64,64,0.0,0.01
0,2,100,64,64,0.0,0.1
0,2,100,64,64,0.05,0.0
0,2,100,64,64,0.05,0.01
0,2,100,64,64,0.05,0.1
0,2,100,64,64,0.1,0.0
0,2,100,64,64,0.1,0.01
0,2,100,64,64,0.1,0.1
0,2,100,64,128,0.0,0.0
0,2,100,64,128,0.0,0.01
0,2,100,64,128,0.0,0.1
0,2,100,64,128,0.05,0.0
0,2,100,64,128,0.05,0.01
0,2,100,64,128,0.05,0.1
0,2,100,64,128,0.1,0.0
0,2,100,64,128,0.1,0.01
0,2,100,64,128,0.1,0.1
0,2,100,64,256,0.0,0.0
0,2,100,64,256,0.0,0.01
0,2,100,64,256,0.0,0.1
0,2,100,64,256,0.05,0.0
0,2,100,64,256,0.05,0.01
0,2,100,64,256,0.05,0.1
0,2,100,64,256,0.1,0.0
0,2,100,64,256,0.1,0.01
0,2,100,64,256,0.1,0.1
0,3,20,32,64,0.0,0.0
0,3,20,32,64,0.0,0.01
0,3,20,32,64,0.0,0.1
0,3,20,32,64,0.05,0.0
0,3,20,32,64,0.05,0.01
0,3,20,32,64,0.05,0.1
0,3,20,32,64,0.1,0.0
0,3,20,32,64,0.1,0.01
0,3,20,32,64,0.1,0.1
0,3,20,32,128,0.0,0.0
0,3,20,32,128,0.0,0.01
0,3,20,32,128,0.0,0.1
0,3,20,32,128,0.05,0.0
0,3,20,32,128,0.05,0.01
0,3,20,32,128,0.05,0.1
0,3,20,32,128,0.1,0.0
0,3,20,32,128,0.1,0.01
0,3,20,32,128,0.1,0.1
0,3,20,32,256,0.0,0.0
0,3,20,32,256,0.0,0.01
0,3,20,32,256,0.0,0.1
0,3,20,32,256,0.05,0.0
0,3,20,32,256,0.05,0.01
0,3,20,32,256,0.05,0.1
0,3,20,32,256,0.1,0.0
0,3,20,32,256,0.1,0.01
0,3,20,32,256,0.1,0.1
0,3,20,64,64,0.0,0.0
0,3,20,64,64,0.0,0.01
0,3,20,64,64,0.0,0.1
0,3,20,64,64,0.05,0.0
0,3,20,64,64,0.05,0.01
0,3,20,64,64,0.05,0.1
0,3,20,64,64,0.1,0.0
0,3,20,64,64,0.1,0.01
0,3,20,64,64,0.1,0.1
0,3,20,64,128,0.0,0.0
0,3,20,64,128,0.0,0.01
0,3,20,64,128,0.0,0.1
0,3,20,64,128,0.05,0.0
0,3,20,64,128,0.05,0.01
0,3,20,64,128,0.05,0.1
0,3,20,64,128,0.1,0.0
0,3,20,64,128,0.1,0.01
0,3,20,64,128,0.1,0.1
0,3,20,64,256,0.0,0.0
0,3,20,64,256,0.0,0.01
0,3,20,64,256,0.0,0.1
0,3,20,64,256,0.05,0.0
0,3,20,64,256,0.05,0.01
0,3,20,64,256,0.05,0.1
0,3,20,64,256,0.1,0.0
0,3,20,64,256,0.1,0.01
0,3,20,64,256,0.1,0.1
0,3,50,32,64,0.0,0.0
0,3,50,32,64,0.0,0.01
0,3,50,32,64,0.0,0.1
0,3,50,32,64,0.05,0.0
0,3,50,32,64,0.05,0.01
0,3,50,32,64,0.05,0.1
0,3,50,32,64,0.1,0.0
0,3,50,32,64,0.1,0.01
0,3,50,32,64,0.1,0.1
0,3,50,32,128,0.0,0.0
0,3,50,32,128,0.0,0.01
0,3,50,32,128,0.0,0.1
0,3,50,32,128,0.05,0.0
0,3,50,32,128,0.05,0.01
0,3,50,32,128,0.05,0.1
0,3,50,32,128,0.1,0.0
0,3,50,32,128,0.1,0.01
0,3,50,32,128,0.1,0.1
0,3,50,32,256,0.0,0.0
0,3,50,32,256,0.0,0.01
0,3,50,32,256,0.0,0.1
0,3,50,32,256,0.05,0.0
0,3,50,32,256,0.05,0.01
0,3,50,32,256,0.05,0.1
0,3,50,32,256,0.1,0.0
0,3,50,32,256,0.1,0.01
0,3,50,32,256,0.1,0.1
0,3,50,64,64,0.0,0.0
0,3,50,64,64,0.0,0.01
0,3,50,64,64,0.0,0.1
0,3,50,64,64,0.05,0.0
0,3,50,64,64,0.05,0.01
0,3,50,64,64,0.05,0.1
0,3,50,64,64,0.1,0.0
0,3,50,64,64,0.1,0.01
0,3,50,64,64,0.1,0.1
0,3,50,64,128,0.0,0.0
0,3,50,64,128,0.0,0.01
0,3,50,64,128,0.0,0.1
0,3,50,64,128,0.05,0.0
0,3,50,64,128,0.05,0.01
0,3,50,64,128,0.05,0.1
0,3,50,64,128,0.1,0.0
0,3,50,64,128,0.1,0.01
0,3,50,64,128,0.1,0.1
0,3,50,64,256,0.0,0.0
0,3,50,64,256,0.0,0.01
0,3,50,64,256,0.0,0.1
0,3,50,64,256,0.05,0.0
0,3,50,64,256,0.05,0.01
0,3,50,64,256,0.05,0.1
0,3,50,64,256,0.1,0.0
0,3,50,64,256,0.1,0.01
0,3,50,64,256,0.1,0.1
0,3,100,32,64,0.0,0.0
0,3,100,32,64,0.0,0.01
0,3,100,32,64,0.0,0.1
0,3,100,32,64,0.05,0.0
0,3,100,32,64,0.05,0.01
0,3,100,32,64,0.05,0.1
0,3,100,32,64,0.1,0.0
0,3,100,32,64,0.1,0.01
0,3,100,32,64,0.1,0.1
0,3,100,32,128,0.0,0.0
0,3,100,32,128,0.0,0.01
0,3,100,32,128,0.0,0.1
0,3,100,32,128,0.05,0.0
0,3,100,32,128,0.05,0.01
0,3,100,32,128,0.05,0.1
0,3,100,32,128,0.1,0.0
0,3,100,32,128,0.1,0.01
0,3,100,32,128,0.1,0.1
0,3,100,32,256,0.0,0.0
0,3,100,32,256,0.0,0.01
0,3,100,32,256,0.0,0.1
0,3,100,32,256,0.05,0.0
0,3,100,32,256,0.05,0.01
0,3,100,32,256,0.05,0.1
0,3,100,32,256,0.1,0.0
0,3,100,32,256,0.1,0.01
0,3,100,32,256,0.1,0.1
0,3,100,64,64,0.0,0.0
0,3,100,64,64,0.0,0.01
0,3,100,64,64,0.0,0.1
0,3,100,64,64,0.05,0.0
0,3,100,64,64,0.05,0.01
0,3,100,64,64,0.05,0.1
0,3,100,64,64,0.1,0.0
0,3,100,64,64,0.1,0.01
0,3,100,64,64,0.1,0.1
0,3,100,64,128,0.0,0.0
0,3,100,64,128,0.0,0.01
0,3,100,64,128,0.0,0.1
0,3,100,64,128,0.05,0.0
0,3,100,64,128,0.05,0.01
0,3,100,64,128,0.05,0.1
0,3,100,64,128,0.1,0.0
0,3,100,64,128,0.1,0.01
0,3,100,64,128,0.1,0.1
0,3,100,64,256,0.0,0.0
0,3,100,64,256,0.0,0.01
0,3,100,64,256,0.0,0.1
0,3,100,64,256,0.05,0.0
0,3,100,64,256,0.05,0.01
0,3,100,64,256,0.05,0.1
0,3,100,64,256,0.1,0.0
0,3,100,64,256,0.1,0.01
0,3,100,64,256,0.1,0.1
0,5,20,32,64,0.0,0.0
0,5,20,32,64,0.0,0.01
0,5,20,32,64,0.0,0.1
0,5,20,32,64,0.05,0.0
0,5,20,32,64,0.05,0.01
0,5,20,32,64,0.05,0.1
0,5,20,32,64,0.1,0.0
0,5,20,32,64,0.1,0.01
0,5,20,32,64,0.1,0.1
0,5,20,32,128,0.0,0.0
0,5,20,32,128,0.0,0.01
0,5,20,32,128,0.0,0.1
0,5,20,32,128,0.05,0.0
0,5,20,32,128,0.05,0.01
0,5,20,32,128,0.05,0.1
0,5,20,32,128,0.1,0.0
0,5,20,32,128,0.1,0.01
0,5,20,32,128,0.1,0.1
0,5,20,32,256,0.0,0.0
0,5,20,32,256,0.0,0.01
0,5,20,32,256,0.0,0.1
0,5,20,32,256,0.05,0.0
0,5,20,32,256,0.05,0.01
0,5,20,32,256,0.05,0.1
0,5,20,32,256,0.1,0.0
0,5,20,32,256,0.1,0.01
0,5,20,32,256,0.1,0.1
0,5,20,64,64,0.0,0.0
0,5,20,64,64,0.0,0.01
0,5,20,64,64,0.0,0.1
0,5,20,64,64,0.05,0.0
0,5,20,64,64,0.05,0.01
0,5,20,64,64,0.05,0.1
0,5,20,64,64,0.1,0.0
0,5,20,64,64,0.1,0.01
0,5,20,64,64,0.1,0.1
0,5,20,64,128,0.0,0.0
0,5,20,64,128,0.0,0.01
0,5,20,64,128,0.0,0.1
0,5,20,64,128,0.05,0.0
0,5,20,64,128,0.05,0.01
0,5,20,64,128,0.05,0.1
0,5,20,64,128,0.1,0.0
0,5,20,64,128,0.1,0.01
0,5,20,64,128,0.1,0.1
0,5,20,64,256,0.0,0.0
0,5,20,64,256,0.0,0.01
0,5,20,64,256,0.0,0.1
0,5,20,64,256,0.05,0.0
0,5,20,64,256,0.05,0.01
0,5,20,64,256,0.05,0.1
0,5,20,64,256,0.1,0.0
0,5,20,64,256,0.1,0.01
0,5,20,64,256,0.1,0.1
0,5,50,32,64,0.0,0.0
0,5,50,32,64,0.0,0.01
0,5,50,32,64,0.0,0.1
0,5,50,32,64,0.05,0.0
0,5,50,32,64,0.05,0.01
0,5,50,32,64,0.05,0.1
0,5,50,32,64,0.1,0.0
0,5,50,32,64,0.1,0.01
0,5,50,32,64,0.1,0.1
0,5,50,32,128,0.0,0.0
0,5,50,32,128,0.0,0.01
0,5,50,32,128,0.0,0.1
0,5,50,32,128,0.05,0.0
0,5,50,32,128,0.05,0.01
0,5,50,32,128,0.05,0.1
0,5,50,32,128,0.1,0.0
0,5,50,32,128,0.1,0.01
0,5,50,32,128,0.1,0.1
0,5,50,32,256,0.0,0.0
0,5,50,32,256,0.0,0.01
0,5,50,32,256,0.0,0.1
0,5,50,32,256,0.05,0.0
0,5,50,32,256,0.05,0.01
0,5,50,32,256,0.05,0.1
0,5,50,32,256,0.1,0.0
0,5,50,32,256,0.1,0.01
0,5,50,32,256,0.1,0.1
0,5,50,64,64,0.0,0.0
0,5,50,64,64,0.0,0.01
0,5,50,64,64,0.0,0.1
0,5,50,64,64,0.05,0.0
0,5,50,64,64,0.05,0.01
0,5,50,64,64,0.05,0.1
0,5,50,64,64,0.1,0.0
0,5,50,64,64,0.1,0.01
0,5,50,64,64,0.1,0.1
0,5,50,64,128,0.0,0.0
0,5,50,64,128,0.0,0.01
0,5,50,64,128,0.0,0.1
0,5,50,64,128,0.05,0.0
0,5,50,64,128,0.05,0.01
0,5,50,64,128,0.05,0.1
0,5,50,64,128,0.1,0.0
0,5,50,64,128,0.1,0.01
0,5,50,64,128,0.1,0.1
0,5,50,64,256,0.0,0.0
0,5,50,64,256,0.0,0.01
0,5,50,64,256,0.0,0.1
0,5,50,64,256,0.05,0.0
0,5,50,64,256,0.05,0.01
0,5,50,64,256,0.05,0.1
0,5,50,64,256,0.1,0.0
0,5,50,64,256,0.1,0.01
0,5,50,64,256,0.1,0.1
0,5,100,32,64,0.0,0.0
0,5,100,32,64,0.0,0.01
0,5,100,32,64,0.0,0.1
0,5,100,32,64,0.05,0.0
0,5,100,32,64,0.05,0.01
0,5,100,32,64,0.05,0.1
0,5,100,32,64,0.1,0.0
0,5,100,32,64,0.1,0.01
0,5,100,32,64,0.1,0.1
0,5,100,32,128,0.0,0.0
0,5,100,32,128,0.0,0.01
0,5,100,32,128,0.0,0.1
0,5,100,32,128,0.05,0.0
0,5,100,32,128,0.05,0.01
0,5,100,32,128,0.05,0.1
0,5,100,32,128,0.1,0.0
0,5,100,32,128,0.1,0.01
0,5,100,32,128,0.1,0.1
0,5,100,32,256,0.0,0.0
0,5,100,32,256,0.0,0.01
0,5,100,32,256,0.0,0.1
0,5,100,32,256,0.05,0.0
0,5,100,32,256,0.05,0.01
0,5,100,32,256,0.05,0.1
0,5,100,32,256,0.1,0.0
0,5,100,32,256,0.1,0.01
0,5,100,32,256,0.1,0.1
0,5,100,64,64,0.0,0.0
0,5,100,64,64,0.0,0.01
0,5,100,64,64,0.0,0.1
0,5,100,64,64,0.05,0.0
0,5,100,64,64,0.05,0.01
0,5,100,64,64,0.05,0.1
0,5,100,64,64,0.1,0.0
0,5,100,64,64,0.1,0.01
0,5,100,64,64,0.1,0.1
0,5,100,64,128,0.0,0.0
0,5,100,64,128,0.0,0.01
0,5,100,64,128,0.0,0.1
0,5,100,64,128,0.05,0.0
0,5,100,64,128,0.05,0.01
0,5,100,64,128,0.05,0.1
0,5,100,64,128,0.1,0.0
0,5,100,64,128,0.1,0.01
0,5,100,64,128,0.1,0.1
0,5,100,64,256,0.0,0.0
0,5,100,64,256,0.0,0.01
0,5,100,64,256,0.0,0.1
0,5,100,64,256,0.05,0.0
0,5,100,64,256,0.05,0.01
0,5,100,64,256,0.05,0.1
0,5,100,64,256,0.1,0.0
0,5,100,64,256,0.1,0.01
0,5,100,64,256,0.1,0.1
1,1,20,32,64,0.0,0.0
1,1,20,32,64,0.0,0.01
1,1,20,32,64,0.0,0.1
1,1,20,32,64,0.05,0.0
1,1,20,32,64,0.05,0.01
1,1,20,32,64,0.05,0.1
1,1,20,32,64,0.1,0.0
1,1,20,32,64,0.1,0.01
1,1,20,32,64,0.1,0.1
1,1,20,32,128,0.0,0.0
1,1,20,32,128,0.0,0.01
1,1,20,32,128,0.0,0.1
1,1,20,32,128,0.05,0.0
1,1,20,32,128,0.05,0.01
1,1,20,32,128,0.05,0.1
1,1,20,32,128,0.1,0.0
1,1,20,32,128,0.1,0.01
1,1,20,32,128,0.1,0.1
1,1,20,32,256,0.0,0.0
1,1,20,32,256,0.0,0.01
1,1,20,32,256,0.0,0.1
1,1,20,32,256,0.05,0.0
1,1,20,32,256,0.05,0.01
1,1,20,32,256,0.05,0.1
1,1,20,32,256,0.1,0.0
1,1,20,32,256,0.1,0.01
1,1,20,32,256,0.1,0.1
1,1,20,64,64,0.0,0.0
1,1,20,64,64,0.0,0.01
1,1,20,64,64,0.0,0.1
1,1,20,64,64,0.05,0.0
1,1,20,64,64,0.05,0.01
1,1,20,64,64,0.05,0.1
1,1,20,64,64,0.1,0.0
1,1,20,64,64,0.1,0.01
1,1,20,64,64,0.1,0.1
1,1,20,64,128,0.0,0.0
1,1,20,64,128,0.0,0.01
1,1,20,64,128,0.0,0.1
1,1,20,64,128,0.05,0.0
1,1,20,64,128,0.05,0.01
1,1,20,64,128,0.05,0.1
1,1,20,64,128,0.1,0.0
1,1,20,64,128,0.1,0.01
1,1,20,64,128,0.1,0.1
1,1,20,64,256,0.0,0.0
1,1,20,64,256,0.0,0.01
1,1,20,64,256,0.0,0.1
1,1,20,64,256,0.05,0.0
1,1,20,64,256,0.05,0.01
1,1,20,64,256,0.05,0.1
1,1,20,64,256,0.1,0.0
1,1,20,64,256,0.1,0.01
1,1,20,64,256,0.1,0.1
1,1,50,32,64,0.0,0.0
1,1,50,32,64,0.0,0.01
1,1,50,32,64,0.0,0.1
1,1,50,32,64,0.05,0.0
1,1,50,32,64,0.05,0.01
1,1,50,32,64,0.05,0.1
1,1,50,32,64,0.1,0.0
1,1,50,32,64,0.1,0.01
1,1,50,32,64,0.1,0.1
1,1,50,32,128,0.0,0.0
1,1,50,32,128,0.0,0.01
1,1,50,32,128,0.0,0.1
1,1,50,32,128,0.05,0.0
1,1,50,32,128,0.05,0.01
1,1,50,32,128,0.05,0.1
1,1,50,32,128,0.1,0.0
1,1,50,32,128,0.1,0.01
1,1,50,32,128,0.1,0.1
1,1,50,32,256,0.0,0.0
1,1,50,32,256,0.0,0.01
1,1,50,32,256,0.0,0.1
1,1,50,32,256,0.05,0.0
1,1,50,32,256,0.05,0.01
1,1,50,32,256,0.05,0.1
1,1,50,32,256,0.1,0.0
1,1,50,32,256,0.1,0.01
1,1,50,32,256,0.1,0.1
1,1,50,64,64,0.0,0.0
1,1,50,64,64,0.0,0.01
1,1,50,64,64,0.0,0.1
1,1,50,64,64,0.05,0.0
1,1,50,64,64,0.05,0.01
1,1,50,64,64,0.05,0.1
1,1,50,64,64,0.1,0.0
1,1,50,64,64,0.1,0.01
1,1,50,64,64,0.1,0.1
1,1,50,64,128,0.0,0.0
1,1,50,64,128,0.0,0.01
1,1,50,64,128,0.0,0.1
1,1,50,64,128,0.05,0.0
1,1,50,64,128,0.05,0.01
1,1,50,64,128,0.05,0.1
1,1,50,64,128,0.1,0.0
1,1,50,64,128,0.1,0.01
1,1,50,64,128,0.1,0.1
1,1,50,64,256,0.0,0.0
1,1,50,64,256,0.0,0.01
1,1,50,64,256,0.0,0.1
1,1,50,64,256,0.05,0.0
1,1,50,64,256,0.05,0.01
1,1,50,64,256,0.05,0.1
1,1,50,64,256,0.1,0.0
1,1,50,64,256,0.1,0.01
1,1,50,64,256,0.1,0.1
1,1,100,32,64,0.0,0.0
1,1,100,32,64,0.0,0.01
1,1,100,32,64,0.0,0.1
1,1,100,32,64,0.05,0.0
1,1,100,32,64,0.05,0.01
1,1,100,32,64,0.05,0.1
1,1,100,32,64,0.1,0.0
1,1,100,32,64,0.1,0.01
1,1,100,32,64,0.1,0.1
1,1,100,32,128,0.0,0.0
1,1,100,32,128,0.0,0.01
1,1,100,32,128,0.0,0.1
1,1,100,32,128,0.05,0.0
1,1,100,32,128,0.05,0.01
1,1,100,32,128,0.05,0.1
1,1,100,32,128,0.1,0.0
1,1,100,32,128,0.1,0.01
1,1,100,32,128,0.1,0.1
1,1,100,32,256,0.0,0.0
1,1,100,32,256,0.0,0.01
1,1,100,32,256,0.0,0.1
1,1,100,32,256,0.05,0.0
1,1,100,32,256,0.05,0.01
1,1,100,32,256,0.05,0.1
1,1,100,32,256,0.1,0.0
1,1,100,32,256,0.1,0.01
1,1,100,32,256,0.1,0.1
1,1,100,64,64,0.0,0.0
1,1,100,64,64,0.0,0.01
1,1,100,64,64,0.0,0.1
1,1,100,64,64,0.05,0.0
1,1,100,64,64,0.05,0.01
1,1,100,64,64,0.05,0.1
1,1,100,64,64,0.1,0.0
1,1,100,64,64,0.1,0.01
1,1,100,64,64,0.1,0.1
1,1,100,64,128,0.0,0.0
1,1,100,64,128,0.0,0.01
1,1,100,64,128,0.0,0.1
1,1,100,64,128,0.05,0.0
1,1,100,64,128,0.05,0.01
1,1,100,64,128,0.05,0.1
1,1,100,64,128,0.1,0.0
1,1,100,64,128,0.1,0.01
1,1,100,64,128,0.1,0.1
1,1,100,64,256,0.0,0.0
1,1,100,64,256,0.0,0.01
1,1,100,64,256,0.0,0.1
1,1,100,64,256,0.05,0.0
1,1,100,64,256,0.05,0.01
1,1,100,64,256,0.05,0.1
1,1,100,64,256,0.1,0.0
1,1,100,64,256,0.1,0.01
1,1,100,64,256,0.1,0.1
1,2,20,32,64,0.0,0.0
1,2,20,32,64,0.0,0.01
1,2,20,32,64,0.0,0.1
1,2,20,32,64,0.05,0.0
1,2,20,32,64,0.05,0.01
1,2,20,32,64,0.05,0.1
1,2,20,32,64,0.1,0.0
1,2,20,32,64,0.1,0.01
1,2,20,32,64,0.1,0.1
1,2,20,32,128,0.0,0.0
1,2,20,32,128,0.0,0.01
1,2,20,32,128,0.0,0.1
1,2,20,32,128,0.05,0.0
1,2,20,32,128,0.05,0.01
1,2,20,32,128,0.05,0.1
1,2,20,32,128,0.1,0.0
1,2,20,32,128,0.1,0.01
1,2,20,32,128,0.1,0.1
1,2,20,32,256,0.0,0.0
1,2,20,32,256,0.0,0.01
1,2,20,32,256,0.0,0.1
1,2,20,32,256,0.05,0.0
1,2,20,32,256,0.05,0.01
1,2,20,32,256,0.05,0.1
1,2,20,32,256,0.1,0.0
1,2,20,32,256,0.1,0.01
1,2,20,32,256,0.1,0.1
1,2,20,64,64,0.0,0.0
1,2,20,64,64,0.0,0.01
1,2,20,64,64,0.0,0.1
1,2,20,64,64,0.05,0.0
1,2,20,64,64,0.05,0.01
1,2,20,64,64,0.05,0.1
1,2,20,64,64,0.1,0.0
1,2,20,64,64,0.1,0.01
1,2,20,64,64,0.1,0.1
1,2,20,64,128,0.0,0.0
1,2,20,64,128,0.0,0.01
1,2,20,64,128,0.0,0.1
1,2,20,64,128,0.05,0.0
1,2,20,64,128,0.05,0.01
1,2,20,64,128,0.05,0.1
1,2,20,64,128,0.1,0.0
1,2,20,64,128,0.1,0.01
1,2,20,64,128,0.1,0.1
1,2,20,64,256,0.0,0.0
1,2,20,64,256,0.0,0.01
1,2,20,64,256,0.0,0.1
1,2,20,64,256,0.05,0.0
1,2,20,64,256,0.05,0.01
1,2,20,64,256,0.05,0.1
1,2,20,64,256,0.1,0.0
1,2,20,64,256,0.1,0.01
1,2,20,64,256,0.1,0.1
1,2,50,32,64,0.0,0.0
1,2,50,32,64,0.0,0.01
1,2,50,32,64,0.0,0.1
1,2,50,32,64,0.05,0.0
1,2,50,32,64,0.05,0.01
1,2,50,32,64,0.05,0.1
1,2,50,32,64,0.1,0.0
1,2,50,32,64,0.1,0.01
1,2,50,32,64,0.1,0.1
1,2,50,32,128,0.0,0.0
1,2,50,32,128,0.0,0.01
1,2,50,32,128,0.0,0.1
1,2,50,32,128,0.05,0.0
1,2,50,32,128,0.05,0.01
1,2,50,32,128,0.05,0.1
1,2,50,32,128,0.1,0.0
1,2,50,32,128,0.1,0.01
1,2,50,32,128,0.1,0.1
1,2,50,32,256,0.0,0.0
1,2,50,32,256,0.0,0.01
1,2,50,32,256,0.0,0.1
1,2,50,32,256,0.05,0.0
1,2,50,32,256,0.05,0.01
1,2,50,32,256,0.05,0.1
1,2,50,32,256,0.1,0.0
1,2,50,32,256,0.1,0.01
1,2,50,32,256,0.1,0.1
1,2,50,64,64,0.0,0.0
1,2,50,64,64,0.0,0.01
1,2,50,64,64,0.0,0.1
1,2,50,64,64,0.05,0.0
1,2,50,64,64,0.05,0.01
1,2,50,64,64,0.05,0.1
1,2,50,64,64,0.1,0.0
1,2,50,64,64,0.1,0.01
1,2,50,64,64,0.1,0.1
1,2,50,64,128,0.0,0.0
1,2,50,64,128,0.0,0.01
1,2,50,64,128,0.0,0.1
1,2,50,64,128,0.05,0.0
1,2,50,64,128,0.05,0.01
1,2,50,64,128,0.05,0.1
1,2,50,64,128,0.1,0.0
1,2,50,64,128,0.1,0.01
1,2,50,64,128,0.1,0.1
1,2,50,64,256,0.0,0.0
1,2,50,64,256,0.0,0.01
1,2,50,64,256,0.0,0.1
1,2,50,64,256,0.05,0.0
1,2,50,64,256,0.05,0.01
1,2,50,64,256,0.05,0.1
1,2,50,64,256,0.1,0.0
1,2,50,64,256,0.1,0.01
1,2,50,64,256,0.1,0.1
1,2,100,32,64,0.0,0.0
1,2,100,32,64,0.0,0.01
1,2,100,32,64,0.0,0.1
1,2,100,32,64,0.05,0.0
1,2,100,32,64,0.05,0.01
1,2,100,32,64,0.05,0.1
1,2,100,32,64,0.1,0.0
1,2,100,32,64,0.1,0.01
1,2,100,32,64,0.1,0.1
1,2,100,32,128,0.0,0.0
1,2,100,32,128,0.0,0.01
1,2,100,32,128,0.0,0.1
1,2,100,32,128,0.05,0.0
1,2,100,32,128,0.05,0.01
1,2,100,32,128,0.05,0.1
1,2,100,32,128,0.1,0.0
1,2,100,32,128,0.1,0.01
1,2,100,32,128,0.1,0.1
1,2,100,32,256,0.0,0.0
1,2,100,32,256,0.0,0.01
1,2,100,32,256,0.0,0.1
1,2,100,32,256,0.05,0.0
1,2,100,32,256,0.05,0.01
1,2,100,32,256,0.05,0.1
1,2,100,32,256,0.1,0.0
1,2,100,32,256,0.1,0.01
1,2,100,32,256,0.1,0.1
1,2,100,64,64,0.0,0.0
1,2,100,64,64,0.0,0.01
1,2,100,64,64,0.0,0.1
1,2,100,64,64,0.05,0.0
1,2,100,64,64,0.05,0.01
1,2,100,64,64,0.05,0.1
1,2,100,64,64,0.1,0.0
1,2,100,64,64,0.1,0.01
1,2,100,64,64,0.1,0.1
1,2,100,64,128,0.0,0.0
1,2,100,64,128,0.0,0.01
1,2,100,64,128,0.0,0.1
1,2,100,64,128,0.05,0.0
1,2,100,64,128,0.05,0.01
1,2,100,64,128,0.05,0.1
1,2,100,64,128,0.1,0.0
1,2,100,64,128,0.1,0.01
1,2,100,64,128,0.1,0.1
1,2,100,64,256,0.0,0.0
1,2,100,64,256,0.0,0.01
1,2,100,64,256,0.0,0.1
1,2,100,64,256,0.05,0.0
1,2,100,64,256,0.05,0.01
1,2,100,64,256,0.05,0.1
1,2,100,64,256,0.1,0.0
1,2,100,64,256,0.1,0.01
1,2,100,64,256,0.1,0.1
1,3,20,32,64,0.0,0.0
1,3,20,32,64,0.0,0.01
1,3,20,32,64,0.0,0.1
1,3,20,32,64,0.05,0.0
1,3,20,32,64,0.05,0.01
1,3,20,32,64,0.05,0.1
1,3,20,32,64,0.1,0.0
1,3,20,32,64,0.1,0.01
1,3,20,32,64,0.1,0.1
1,3,20,32,128,0.0,0.0
1,3,20,32,128,0.0,0.01
1,3,20,32,128,0.0,0.1
1,3,20,32,128,0.05,0.0
1,3,20,32,128,0.05,0.01
1,3,20,32,128,0.05,0.1
1,3,20,32,128,0.1,0.0
1,3,20,32,128,0.1,0.01
1,3,20,32,128,0.1,0.1
1,3,20,32,256,0.0,0.0
1,3,20,32,256,0.0,0.01
1,3,20,32,256,0.0,0.1
1,3,20,32,256,0.05,0.0
1,3,20,32,256,0.05,0.01
1,3,20,32,256,0.05,0.1
1,3,20,32,256,0.1,0.0
1,3,20,32,256,0.1,0.01
1,3,20,32,256,0.1,0.1
1,3,20,64,64,0.0,0.0
1,3,20,64,64,0.0,0.01
1,3,20,64,64,0.0,0.1
1,3,20,64,64,0.05,0.0
1,3,20,64,64,0.05,0.01
1,3,20,64,64,0.05,0.1
1,3,20,64,64,0.1,0.0
1,3,20,64,64,0.1,0.01
1,3,20,64,64,0.1,0.1
1,3,20,64,128,0.0,0.0
1,3,20,64,128,0.0,0.01
1,3,20,64,128,0.0,0.1
1,3,20,64,128,0.05,0.0
1,3,20,64,128,0.05,0.01
1,3,20,64,128,0.05,0.1
1,3,20,64,128,0.1,0.0
1,3,20,64,128,0.1,0.01
1,3,20,64,128,0.1,0.1
1,3,20,64,256,0.0,0.0
1,3,20,64,256,0.0,0.01
1,3,20,64,256,0.0,0.1
1,3,20,64,256,0.05,0.0
1,3,20,64,256,0.05,0.01
1,3,20,64,256,0.05,0.1
1,3,20,64,256,0.1,0.0
1,3,20,64,256,0.1,0.01
1,3,20,64,256,0.1,0.1
1,3,50,32,64,0.0,0.0
1,3,50,32,64,0.0,0.01
1,3,50,32,64,0.0,0.1
1,3,50,32,64,0.05,0.0
1,3,50,32,64,0.05,0.01
1,3,50,32,64,0.05,0.1
1,3,50,32,64,0.1,0.0
1,3,50,32,64,0.1,0.01
1,3,50,32,64,0.1,0.1
1,3,50,32,128,0.0,0.0
1,3,50,32,128,0.0,0.01
1,3,50,32,128,0.0,0.1
1,3,50,32,128,0.05,0.0
1,3,50,32,128,0.05,0.01
1,3,50,32,128,0.05,0.1
1,3,50,32,128,0.1,0.0
1,3,50,32,128,0.1,0.01
1,3,50,32,128,0.1,0.1
1,3,50,32,256,0.0,0.0
1,3,50,32,256,0.0,0.01
1,3,50,32,256,0.0,0.1
1,3,50,32,256,0.05,0.0
1,3,50,32,256,0.05,0.01
1,3,50,32,256,0.05,0.1
1,3,50,32,256,0.1,0.0
1,3,50,32,256,0.1,0.01
1,3,50,32,256,0.1,0.1
1,3,50,64,64,0.0,0.0
1,3,50,64,64,0.0,0.01
1,3,50,64,64,0.0,0.1
1,3,50,64,64,0.05,0.0
1,3,50,64,64,0.05,0.01
1,3,50,64,64,0.05,0.1
1,3,50,64,64,0.1,0.0
1,3,50,64,64,0.1,0.01
1,3,50,64,64,0.1,0.1
1,3,50,64,128,0.0,0.0
1,3,50,64,128,0.0,0.01
1,3,50,64,128,0.0,0.1
1,3,50,64,128,0.05,0.0
1,3,50,64,128,0.05,0.01
1,3,50,64,128,0.05,0.1
1,3,50,64,128,0.1,0.0
1,3,50,64,128,0.1,0.01
1,3,50,64,128,0.1,0.1
1,3,50,64,256,0.0,0.0
1,3,50,64,256,0.0,0.01
1,3,50,64,256,0.0,0.1
1,3,50,64,256,0.05,0.0
1,3,50,64,256,0.05,0.01
1,3,50,64,256,0.05,0.1
1,3,50,64,256,0.1,0.0
1,3,50,64,256,0.1,0.01
1,3,50,64,256,0.1,0.1
1,3,100,32,64,0.0,0.0
1,3,100,32,64,0.0,0.01
1,3,100,32,64,0.0,0.1
1,3,100,32,64,0.05,0.0
1,3,100,32,64,0.05,0.01
1,3,100,32,64,0.05,0.1
1,3,100,32,64,0.1,0.0
1,3,100,32,64,0.1,0.01
1,3,100,32,64,0.1,0.1
1,3,100,32,128,0.0,0.0
1,3,100,32,128,0.0,0.01
1,3,100,32,128,0.0,0.1
1,3,100,32,128,0.05,0.0
1,3,100,32,128,0.05,0.01
1,3,100,32,128,0.05,0.1
1,3,100,32,128,0.1,0.0
1,3,100,32,128,0.1,0.01
1,3,100,32,128,0.1,0.1
1,3,100,32,256,0.0,0.0
1,3,100,32,256,0.0,0.01
1,3,100,32,256,0.0,0.1
1,3,100,32,256,0.05,0.0
1,3,100,32,256,0.05,0.01
1,3,100,32,256,0.05,0.1
1,3,100,32,256,0.1,0.0
1,3,100,32,256,0.1,0.01
1,3,100,32,256,0.1,0.1
1,3,100,64,64,0.0,0.0
1,3,100,64,64,0.0,0.01
1,3,100,64,64,0.0,0.1
1,3,100,64,64,0.05,0.0
1,3,100,64,64,0.05,0.01
1,3,100,64,64,0.05,0.1
1,3,100,64,64,0.1,0.0
1,3,100,64,64,0.1,0.01
1,3,100,64,64,0.1,0.1
1,3,100,64,128,0.0,0.0
1,3,100,64,128,0.0,0.01
1,3,100,64,128,0.0,0.1
1,3,100,64,128,0.05,0.0
1,3,100,64,128,0.05,0.01
1,3,100,64,128,0.05,0.1
1,3,100,64,128,0.1,0.0
1,3,100,64,128,0.1,0.01
1,3,100,64,128,0.1,0.1
1,3,100,64,256,0.0,0.0
1,3,100,64,256,0.0,0.01
1,3,100,64,256,0.0,0.1
1,3,100,64,256,0.05,0.0
1,3,100,64,256,0.05,0.01
1,3,100,64,256,0.05,0.1
1,3,100,64,256,0.1,0.0
1,3,100,64,256,0.1,0.01
1,3,100,64,256,0.1,0.1
1,5,20,32,64,0.0,0.0
1,5,20,32,64,0.0,0.01
1,5,20,32,64,0.0,0.1
1,5,20,32,64,0.05,0.0
1,5,20,32,64,0.05,0.01
1,5,20,32,64,0.05,0.1
1,5,20,32,64,0.1,0.0
1,5,20,32,64,0.1,0.01
1,5,20,32,64,0.1,0.1
1,5,20,32,128,0.0,0.0
1,5,20,32,128,0.0,0.01
1,5,20,32,128,0.0,0.1
1,5,20,32,128,0.05,0.0
1,5,20,32,128,0.05,0.01
1,5,20,32,128,0.05,0.1
1,5,20,32,128,0.1,0.0
1,5,20,32,128,0.1,0.01
1,5,20,32,128,0.1,0.1
1,5,20,32,256,0.0,0.0
1,5,20,32,256,0.0,0.01
1,5,20,32,256,0.0,0.1
1,5,20,32,256,0.05,0.0
1,5,20,32,256,0.05,0.01
1,5,20,32,256,0.05,0.1
1,5,20,32,256,0.1,0.0
1,5,20,32,256,0.1,0.01
1,5,20,32,256,0.1,0.1
1,5,20,64,64,0.0,0.0
1,5,20,64,64,0.0,0.01
1,5,20,64,64,0.0,0.1
1,5,20,64,64,0.05,0.0
1,5,20,64,64,0.05,0.01
1,5,20,64,64,0.05,0.1
1,5,20,64,64,0.1,0.0
1,5,20,64,64,0.1,0.01
1,5,20,64,64,0.1,0.1
1,5,20,64,128,0.0,0.0
1,5,20,64,128,0.0,0.01
1,5,20,64,128,0.0,0.1
1,5,20,64,128,0.05,0.0
1,5,20,64,128,0.05,0.01
1,5,20,64,128,0.05,0.1
1,5,20,64,128,0.1,0.0
1,5,20,64,128,0.1,0.01
1,5,20,64,128,0.1,0.1
1,5,20,64,256,0.0,0.0
1,5,20,64,256,0.0,0.01
1,5,20,64,256,0.0,0.1
1,5,20,64,256,0.05,0.0
1,5,20,64,256,0.05,0.01
1,5,20,64,256,0.05,0.1
1,5,20,64,256,0.1,0.0
1,5,20,64,256,0.1,0.01
1,5,20,64,256,0.1,0.1
1,5,50,32,64,0.0,0.0
1,5,50,32,64,0.0,0.01
1,5,50,32,64,0.0,0.1
1,5,50,32,64,0.05,0.0
1,5,50,32,64,0.05,0.01
1,5,50,32,64,0.05,0.1
1,5,50,32,64,0.1,0.0
1,5,50,32,64,0.1,0.01
1,5,50,32,64,0.1,0.1
1,5,50,32,128,0.0,0.0
1,5,50,32,128,0.0,0.01
1,5,50,32,128,0.0,0.1
1,5,50,32,128,0.05,0.0
1,5,50,32,128,0.05,0.01
1,5,50,32,128,0.05,0.1
1,5,50,32,128,0.1,0.0
1,5,50,32,128,0.1,0.01
1,5,50,32,128,0.1,0.1
1,5,50,32,256,0.0,0.0
1,5,50,32,256,0.0,0.01
1,5,50,32,256,0.0,0.1
1,5,50,32,256,0.05,0.0
1,5,50,32,256,0.05,0.01
1,5,50,32,256,0.05,0.1
1,5,50,32,256,0.1,0.0
1,5,50,32,256,0.1,0.01
1,5,50,32,256,0.1,0.1
1,5,50,64,64,0.0,0.0
1,5,50,64,64,0.0,0.01
1,5,50,64,64,0.0,0.1
1,5,50,64,64,0.05,0.0
1,5,50,64,64,0.05,0.01
1,5,50,64,64,0.05,0.1
1,5,50,64,64,0.1,0.0
1,5,50,64,64,0.1,0.01
1,5,50,64,64,0.1,0.1
1,5,50,64,128,0.0,0.0
1,5,50,64,128,0.0,0.01
1,5,50,64,128,0.0,0.1
1,5,50,64,128,0.05,0.0
1,5,50,64,128,0.05,0.01
1,5,50,64,128,0.05,0.1
1,5,50,64,128,0.1,0.0
1,5,50,64,128,0.1,0.01
1,5,50,64,128,0.1,0.1
1,5,50,64,256,0.0,0.0
1,5,50,64,256,0.0,0.01
1,5,50,64,256,0.0,0.1
1,5,50,64,256,0.05,0.0
1,5,50,64,256,0.05,0.01
1,5,50,64,256,0.05,0.1
1,5,50,64,256,0.1,0.0
1,5,50,64,256,0.1,0.01
1,5,50,64,256,0.1,0.1
1,5,100,32,64,0.0,0.0
1,5,100,32,64,0.0,0.01
1,5,100,32,64,0.0,0.1
1,5,100,32,64,0.05,0.0
1,5,100,32,64,0.05,0.01
1,5,100,32,64,0.05,0.1
1,5,100,32,64,0.1,0.0
1,5,100,32,64,0.1,0.01
1,5,100,32,64,0.1,0.1
1,5,100,32,128,0.0,0.0
1,5,100,32,128,0.0,0.01
1,5,100,32,128,0.0,0.1
1,5,100,32,128,0.05,0.0
1,5,100,32,128,0.05,0.01
1,5,100,32,128,0.05,0.1
1,5,100,32,128,0.1,0.0
1,5,100,32,128,0.1,0.01
1,5,100,32,128,0.1,0.1
1,5,100,32,256,0.0,0.0
1,5,100,32,256,0.0,0.01
1,5,100,32,256,0.0,0.1
1,5,100,32,256,0.05,0.0
1,5,100,32,256,0.05,0.01
1,5,100,32,256,0.05,0.1
1,5,100,32,256,0.1,0.0
1,5,100,32,256,0.1,0.01
1,5,100,32,256,0.1,0.1
1,5,100,64,64,0.0,0.0
1,5,100,64,64,0.0,0.01
1,5,100,64,64,0.0,0.1
1,5,100,64,64,0.05,0.0
1,5,100,64,64,0.05,0.01
1,5,100,64,64,0.05,0.1
1,5,100,64,64,0.1,0.0
1,5,100,64,64,0.1,0.01
1,5,100,64,64,0.1,0.1
1,5,100,64,128,0.0,0.0
1,5,100,64,128,0.0,0.01
1,5,100,64,128,0.0,0.1
1,5,100,64,128,0.05,0.0
1,5,100,64,128,0.05,0.01
1,5,100,64,128,0.05,0.1
1,5,100,64,128,0.1,0.0
1,5,100,64,128,0.1,0.01
1,5,100,64,128,0.1,0.1
1,5,100,64,256,0.0,0.0
1,5,100,64,256,0.0,0.01
1,5,100,64,256,0.0,0.1
1,5,100,64,256,0.05,0.0
1,5,100,64,256,0.05,0.01
1,5,100,64,256,0.05,0.1
1,5,100,64,256,0.1,0.0
1,5,100,64,256,0.1,0.01
1,5,100,64,256,0.1,0.1
2,1,20,32,64,0.0,0.0
2,1,20,32,64,0.0,0.01
2,1,20,32,64,0.0,0.1
2,1,20,32,64,0.05,0.0
2,1,20,32,64,0.05,0.01
2,1,20,32,64,0.05,0.1
2,1,20,32,64,0.1,0.0
2,1,20,32,64,0.1,0.01
2,1,20,32,64,0.1,0.1
2,1,20,32,128,0.0,0.0
2,1,20,32,128,0.0,0.01
2,1,20,32,128,0.0,0.1
2,1,20,32,128,0.05,0.0
2,1,20,32,128,0.05,0.01
2,1,20,32,128,0.05,0.1
2,1,20,32,128,0.1,0.0
2,1,20,32,128,0.1,0.01
2,1,20,32,128,0.1,0.1
2,1,20,32,256,0.0,0.0
2,1,20,32,256,0.0,0.01
2,1,20,32,256,0.0,0.1
2,1,20,32,256,0.05,0.0
2,1,20,32,256,0.05,0.01
2,1,20,32,256,0.05,0.1
2,1,20,32,256,0.1,0.0
2,1,20,32,256,0.1,0.01
2,1,20,32,256,0.1,0.1
2,1,20,64,64,0.0,0.0
2,1,20,64,64,0.0,0.01
2,1,20,64,64,0.0,0.1
2,1,20,64,64,0.05,0.0
2,1,20,64,64,0.05,0.01
2,1,20,64,64,0.05,0.1
2,1,20,64,64,0.1,0.0
2,1,20,64,64,0.1,0.01
2,1,20,64,64,0.1,0.1
2,1,20,64,128,0.0,0.0
2,1,20,64,128,0.0,0.01
2,1,20,64,128,0.0,0.1
2,1,20,64,128,0.05,0.0
2,1,20,64,128,0.05,0.01
2,1,20,64,128,0.05,0.1
2,1,20,64,128,0.1,0.0
2,1,20,64,128,0.1,0.01
2,1,20,64,128,0.1,0.1
2,1,20,64,256,0.0,0.0
2,1,20,64,256,0.0,0.01
2,1,20,64,256,0.0,0.1
2,1,20,64,256,0.05,0.0
2,1,20,64,256,0.05,0.01
2,1,20,64,256,0.05,0.1
2,1,20,64,256,0.1,0.0
2,1,20,64,256,0.1,0.01
2,1,20,64,256,0.1,0.1
2,1,50,32,64,0.0,0.0
2,1,50,32,64,0.0,0.01
2,1,50,32,64,0.0,0.1
2,1,50,32,64,0.05,0.0
2,1,50,32,64,0.05,0.01
2,1,50,32,64,0.05,0.1
2,1,50,32,64,0.1,0.0
2,1,50,32,64,0.1,0.01
2,1,50,32,64,0.1,0.1
2,1,50,32,128,0.0,0.0
2,1,50,32,128,0.0,0.01
2,1,50,32,128,0.0,0.1
2,1,50,32,128,0.05,0.0
2,1,50,32,128,0.05,0.01
2,1,50,32,128,0.05,0.1
2,1,50,32,128,0.1,0.0
2,1,50,32,128,0.1,0.01
2,1,50,32,128,0.1,0.1
2,1,50,32,256,0.0,0.0
2,1,50,32,256,0.0,0.01
2,1,50,32,256,0.0,0.1
2,1,50,32,256,0.05,0.0
2,1,50,32,256,0.05,0.01
2,1,50,32,256,0.05,0.1
2,1,50,32,256,0.1,0.0
2,1,50,32,256,0.1,0.01
2,1,50,32,256,0.1,0.1
2,1,50,64,64,0.0,0.0
2,1,50,64,64,0.0,0.01
2,1,50,64,64,0.0,0.1
2,1,50,64,64,0.05,0.0
2,1,50,64,64,0.05,0.01
2,1,50,64,64,0.05,0.1
2,1,50,64,64,0.1,0.0
2,1,50,64,64,0.1,0.01
2,1,50,64,64,0.1,0.1
2,1,50,64,128,0.0,0.0
2,1,50,64,128,0.0,0.01
2,1,50,64,128,0.0,0.1
2,1,50,64,128,0.05,0.0
2,1,50,64,128,0.05,0.01
2,1,50,64,128,0.05,0.1
2,1,50,64,128,0.1,0.0
2,1,50,64,128,0.1,0.01
2,1,50,64,128,0.1,0.1
2,1,50,64,256,0.0,0.0
2,1,50,64,256,0.0,0.01
2,1,50,64,256,0.0,0.1
2,1,50,64,256,0.05,0.0
2,1,50,64,256,0.05,0.01
2,1,50,64,256,0.05,0.1
2,1,50,64,256,0.1,0.0
2,1,50,64,256,0.1,0.01
2,1,50,64,256,0.1,0.1
2,1,100,32,64,0.0,0.0
2,1,100,32,64,0.0,0.01
2,1,100,32,64,0.0,0.1
2,1,100,32,64,0.05,0.0
2,1,100,32,64,0.05,0.01
2,1,100,32,64,0.05,0.1
2,1,100,32,64,0.1,0.0
2,1,100,32,64,0.1,0.01
2,1,100,32,64,0.1,0.1
2,1,100,32,128,0.0,0.0
2,1,100,32,128,0.0,0.01
2,1,100,32,128,0.0,0.1
2,1,100,32,128,0.05,0.0
2,1,100,32,128,0.05,0.01
2,1,100,32,128,0.05,0.1
2,1,100,32,128,0.1,0.0
2,1,100,32,128,0.1,0.01
2,1,100,32,128,0.1,0.1
2,1,100,32,256,0.0,0.0
2,1,100,32,256,0.0,0.01
2,1,100,32,256,0.0,0.1
2,1,100,32,256,0.05,0.0
2,1,100,32,256,0.05,0.01
2,1,100,32,256,0.05,0.1
2,1,100,32,256,0.1,0.0
2,1,100,32,256,0.1,0.01
2,1,100,32,256,0.1,0.1
2,1,100,64,64,0.0,0.0
2,1,100,64,64,0.0,0.01
2,1,100,64,64,0.0,0.1
2,1,100,64,64,0.05,0.0
2,1,100,64,64,0.05,0.01
2,1,100,64,64,0.05,0.1
2,1,100,64,64,0.1,0.0
2,1,100,64,64,0.1,0.01
2,1,100,64,64,0.1,0.1
2,1,100,64,128,0.0,0.0
2,1,100,64,128,0.0,0.01
2,1,100,64,128,0.0,0.1
2,1,100,64,128,0.05,0.0
2,1,100,64,128,0.05,0.01
2,1,100,64,128,0.05,0.1
2,1,100,64,128,0.1,0.0
2,1,100,64,128,0.1,0.01
2,1,100,64,128,0.1,0.1
2,1,100,64,256,0.0,0.0
2,1,100,64,256,0.0,0.01
2,1,100,64,256,0.0,0.1
2,1,100,64,256,0.05,0.0
2,1,100,64,256,0.05,0.01
2,1,100,64,256,0.05,0.1
2,1,100,64,256,0.1,0.0
2,1,100,64,256,0.1,0.01
2,1,100,64,256,0.1,0.1
2,2,20,32,64,0.0,0.0
2,2,20,32,64,0.0,0.01
2,2,20,32,64,0.0,0.1
2,2,20,32,64,0.05,0.0
2,2,20,32,64,0.05,0.01
2,2,20,32,64,0.05,0.1
2,2,20,32,64,0.1,0.0
2,2,20,32,64,0.1,0.01
2,2,20,32,64,0.1,0.1
2,2,20,32,128,0.0,0.0
2,2,20,32,128,0.0,0.01
2,2,20,32,128,0.0,0.1
2,2,20,32,128,0.05,0.0
2,2,20,32,128,0.05,0.01
2,2,20,32,128,0.05,0.1
2,2,20,32,128,0.1,0.0
2,2,20,32,128,0.1,0.01
2,2,20,32,128,0.1,0.1
2,2,20,32,256,0.0,0.0
2,2,20,32,256,0.0,0.01
2,2,20,32,256,0.0,0.1
2,2,20,32,256,0.05,0.0
2,2,20,32,256,0.05,0.01
2,2,20,32,256,0.05,0.1
2,2,20,32,256,0.1,0.0
2,2,20,32,256,0.1,0.01
2,2,20,32,256,0.1,0.1
2,2,20,64,64,0.0,0.0
2,2,20,64,64,0.0,0.01
2,2,20,64,64,0.0,0.1
2,2,20,64,64,0.05,0.0
2,2,20,64,64,0.05,0.01
2,2,20,64,64,0.05,0.1
2,2,20,64,64,0.1,0.0
2,2,20,64,64,0.1,0.01
2,2,20,64,64,0.1,0.1
2,2,20,64,128,0.0,0.0
2,2,20,64,128,0.0,0.01
2,2,20,64,128,0.0,0.1
2,2,20,64,128,0.05,0.0
2,2,20,64,128,0.05,0.01
2,2,20,64,128,0.05,0.1
2,2,20,64,128,0.1,0.0
2,2,20,64,128,0.1,0.01
2,2,20,64,128,0.1,0.1
2,2,20,64,256,0.0,0.0
2,2,20,64,256,0.0,0.01
2,2,20,64,256,0.0,0.1
2,2,20,64,256,0.05,0.0
2,2,20,64,256,0.05,0.01
2,2,20,64,256,0.05,0.1
2,2,20,64,256,0.1,0.0
2,2,20,64,256,0.1,0.01
2,2,20,64,256,0.1,0.1
2,2,50,32,64,0.0,0.0
2,2,50,32,64,0.0,0.01
2,2,50,32,64,0.0,0.1
2,2,50,32,64,0.05,0.0
2,2,50,32,64,0.05,0.01
2,2,50,32,64,0.05,0.1
2,2,50,32,64,0.1,0.0
2,2,50,32,64,0.1,0.01
2,2,50,32,64,0.1,0.1
2,2,50,32,128,0.0,0.0
2,2,50,32,128,0.0,0.01
2,2,50,32,128,0.0,0.1
2,2,50,32,128,0.05,0.0
2,2,50,32,128,0.05,0.01
2,2,50,32,128,0.05,0.1
2,2,50,32,128,0.1,0.0
2,2,50,32,128,0.1,0.01
2,2,50,32,128,0.1,0.1
2,2,50,32,256,0.0,0.0
2,2,50,32,256,0.0,0.01
2,2,50,32,256,0.0,0.1
2,2,50,32,256,0.05,0.0
2,2,50,32,256,0.05,0.01
2,2,50,32,256,0.05,0.1
2,2,50,32,256,0.1,0.0
2,2,50,32,256,0.1,0.01
2,2,50,32,256,0.1,0.1
2,2,50,64,64,0.0,0.0
2,2,50,64,64,0.0,0.01
2,2,50,64,64,0.0,0.1
2,2,50,64,64,0.05,0.0
2,2,50,64,64,0.05,0.01
2,2,50,64,64,0.05,0.1
2,2,50,64,64,0.1,0.0
2,2,50,64,64,0.1,0.01
2,2,50,64,64,0.1,0.1
2,2,50,64,128,0.0,0.0
2,2,50,64,128,0.0,0.01
2,2,50,64,128,0.0,0.1
2,2,50,64,128,0.05,0.0
2,2,50,64,128,0.05,0.01
2,2,50,64,128,0.05,0.1
2,2,50,64,128,0.1,0.0
2,2,50,64,128,0.1,0.01
2,2,50,64,128,0.1,0.1
2,2,50,64,256,0.0,0.0
2,2,50,64,256,0.0,0.01
2,2,50,64,256,0.0,0.1
2,2,50,64,256,0.05,0.0
2,2,50,64,256,0.05,0.01
2,2,50,64,256,0.05,0.1
2,2,50,64,256,0.1,0.0
2,2,50,64,256,0.1,0.01
2,2,50,64,256,0.1,0.1
2,2,100,32,64,0.0,0.0
2,2,100,32,64,0.0,0.01
2,2,100,32,64,0.0,0.1
2,2,100,32,64,0.05,0.0
2,2,100,32,64,0.05,0.01
2,2,100,32,64,0.05,0.1
2,2,100,32,64,0.1,0.0
2,2,100,32,64,0.1,0.01
2,2,100,32,64,0.1,0.1
2,2,100,32,128,0.0,0.0
2,2,100,32,128,0.0,0.01
2,2,100,32,128,0.0,0.1
2,2,100,32,128,0.05,0.0
2,2,100,32,128,0.05,0.01
2,2,100,32,128,0.05,0.1
2,2,100,32,128,0.1,0.0
2,2,100,32,128,0.1,0.01
2,2,100,32,128,0.1,0.1
2,2,100,32,256,0.0,0.0
2,2,100,32,256,0.0,0.01
2,2,100,32,256,0.0,0.1
2,2,100,32,256,0.05,0.0
2,2,100,32,256,0.05,0.01
2,2,100,32,256,0.05,0.1
2,2,100,32,256,0.1,0.0
2,2,100,32,256,0.1,0.01
2,2,100,32,256,0.1,0.1
2,2,100,64,64,0.0,0.0
2,2,100,64,64,0.0,0.01
2,2,100,64,64,0.0,0.1
2,2,100,64,64,0.05,0.0
2,2,100,64,64,0.05,0.01
2,2,100,64,64,0.05,0.1
2,2,100,64,64,0.1,0.0
2,2,100,64,64,0.1,0.01
2,2,100,64,64,0.1,0.1
2,2,100,64,128,0.0,0.0
2,2,100,64,128,0.0,0.01
2,2,100,64,128,0.0,0.1
2,2,100,64,128,0.05,0.0
2,2,100,64,128,0.05,0.01
2,2,100,64,128,0.05,0.1
2,2,100,64,128,0.1,0.0
2,2,100,64,128,0.1,0.01
2,2,100,64,128,0.1,0.1
2,2,100,64,256,0.0,0.0
2,2,100,64,256,0.0,0.01
2,2,100,64,256,0.0,0.1
2,2,100,64,256,0.05,0.0
2,2,100,64,256,0.05,0.01
2,2,100,64,256,0.05,0.1
2,2,100,64,256,0.1,0.0
2,2,100,64,256,0.1,0.01
2,2,100,64,256,0.1,0.1
2,3,20,32,64,0.0,0.0
2,3,20,32,64,0.0,0.01
2,3,20,32,64,0.0,0.1
2,3,20,32,64,0.05,0.0
2,3,20,32,64,0.05,0.01
2,3,20,32,64,0.05,0.1
2,3,20,32,64,0.1,0.0
2,3,20,32,64,0.1,0.01
2,3,20,32,64,0.1,0.1
2,3,20,32,128,0.0,0.0
2,3,20,32,128,0.0,0.01
2,3,20,32,128,0.0,0.1
2,3,20,32,128,0.05,0.0
2,3,20,32,128,0.05,0.01
2,3,20,32,128,0.05,0.1
2,3,20,32,128,0.1,0.0
2,3,20,32,128,0.1,0.01
2,3,20,32,128,0.1,0.1
2,3,20,32,256,0.0,0.0
2,3,20,32,256,0.0,0.01
2,3,20,32,256,0.0,0.1
2,3,20,32,256,0.05,0.0
2,3,20,32,256,0.05,0.01
2,3,20,32,256,0.05,0.1
2,3,20,32,256,0.1,0.0
2,3,20,32,256,0.1,0.01
2,3,20,32,256,0.1,0.1
2,3,20,64,64,0.0,0.0
2,3,20,64,64,0.0,0.01
2,3,20,64,64,0.0,0.1
2,3,20,64,64,0.05,0.0
2,3,20,64,64,0.05,0.01
2,3,20,64,64,0.05,0.1
2,3,20,64,64,0.1,0.0
2,3,20,64,64,0.1,0.01
2,3,20,64,64,0.1,0.1
2,3,20,64,128,0.0,0.0
2,3,20,64,128,0.0,0.01
2,3,20,64,128,0.0,0.1
2,3,20,64,128,0.05,0.0
2,3,20,64,128,0.05,0.01
2,3,20,64,128,0.05,0.1
2,3,20,64,128,0.1,0.0
2,3,20,64,128,0.1,0.01
2,3,20,64,128,0.1,0.1
2,3,20,64,256,0.0,0.0
2,3,20,64,256,0.0,0.01
2,3,20,64,256,0.0,0.1
2,3,20,64,256,0.05,0.0
2,3,20,64,256,0.05,0.01
2,3,20,64,256,0.05,0.1
2,3,20,64,256,0.1,0.0
2,3,20,64,256,0.1,0.01
2,3,20,64,256,0.1,0.1
2,3,50,32,64,0.0,0.0
2,3,50,32,64,0.0,0.01
2,3,50,32,64,0.0,0.1
2,3,50,32,64,0.05,0.0
2,3,50,32,64,0.05,0.01
2,3,50,32,64,0.05,0.1
2,3,50,32,64,0.1,0.0
2,3,50,32,64,0.1,0.01
2,3,50,32,64,0.1,0.1
2,3,50,32,128,0.0,0.0
2,3,50,32,128,0.0,0.01
2,3,50,32,128,0.0,0.1
2,3,50,32,128,0.05,0.0
2,3,50,32,128,0.05,0.01
2,3,50,32,128,0.05,0.1
2,3,50,32,128,0.1,0.0
2,3,50,32,128,0.1,0.01
2,3,50,32,128,0.1,0.1
2,3,50,32,256,0.0,0.0
2,3,50,32,256,0.0,0.01
2,3,50,32,256,0.0,0.1
2,3,50,32,256,0.05,0.0
2,3,50,32,256,0.05,0.01
2,3,50,32,256,0.05,0.1
2,3,50,32,256,0.1,0.0
2,3,50,32,256,0.1,0.01
2,3,50,32,256,0.1,0.1
2,3,50,64,64,0.0,0.0
2,3,50,64,64,0.0,0.01
2,3,50,64,64,0.0,0.1
2,3,50,64,64,0.05,0.0
2,3,50,64,64,0.05,0.01
2,3,50,64,64,0.05,0.1
2,3,50,64,64,0.1,0.0
2,3,50,64,64,0.1,0.01
2,3,50,64,64,0.1,0.1
2,3,50,64,128,0.0,0.0
2,3,50,64,128,0.0,0.01
2,3,50,64,128,0.0,0.1
2,3,50,64,128,0.05,0.0
2,3,50,64,128,0.05,0.01
2,3,50,64,128,0.05,0.1
2,3,50,64,128,0.1,0.0
2,3,50,64,128,0.1,0.01
2,3,50,64,128,0.1,0.1
2,3,50,64,256,0.0,0.0
2,3,50,64,256,0.0,0.01
2,3,50,64,256,0.0,0.1
2,3,50,64,256,0.05,0.0
2,3,50,64,256,0.05,0.01
2,3,50,64,256,0.05,0.1
2,3,50,64,256,0.1,0.0
2,3,50,64,256,0.1,0.01
2,3,50,64,256,0.1,0.1
2,3,100,32,64,0.0,0.0
2,3,100,32,64,0.0,0.01
2,3,100,32,64,0.0,0.1
2,3,100,32,64,0.05,0.0
2,3,100,32,64,0.05,0.01
2,3,100,32,64,0.05,0.1
2,3,100,32,64,0.1,0.0
2,3,100,32,64,0.1,0.01
2,3,100,32,64,0.1,0.1
2,3,100,32,128,0.0,0.0
2,3,100,32,128,0.0,0.01
2,3,100,32,128,0.0,0.1
2,3,100,32,128,0.05,0.0
2,3,100,32,128,0.05,0.01
2,3,100,32,128,0.05,0.1
2,3,100,32,128,0.1,0.0
2,3,100,32,128,0.1,0.01
2,3,100,32,128,0.1,0.1
2,3,100,32,256,0.0,0.0
2,3,100,32,256,0.0,0.01
2,3,100,32,256,0.0,0.1
2,3,100,32,256,0.05,0.0
2,3,100,32,256,0.05,0.01
2,3,100,32,256,0.05,0.1
2,3,100,32,256,0.1,0.0
2,3,100,32,256,0.1,0.01
2,3,100,32,256,0.1,0.1
2,3,100,64,64,0.0,0.0
2,3,100,64,64,0.0,0.01
2,3,100,64,64,0.0,0.1
2,3,100,64,64,0.05,0.0
2,3,100,64,64,0.05,0.01
2,3,100,64,64,0.05,0.1
2,3,100,64,64,0.1,0.0
2,3,100,64,64,0.1,0.01
2,3,100,64,64,0.1,0.1
2,3,100,64,128,0.0,0.0
2,3,100,64,128,0.0,0.01
2,3,100,64,128,0.0,0.1
2,3,100,64,128,0.05,0.0
2,3,100,64,128,0.05,0.01
2,3,100,64,128,0.05,0.1
2,3,100,64,128,0.1,0.0
2,3,100,64,128,0.1,0.01
2,3,100,64,128,0.1,0.1
2,3,100,64,256,0.0,0.0
2,3,100,64,256,0.0,0.01
2,3,100,64,256,0.0,0.1
2,3,100,64,256,0.05,0.0
2,3,100,64,256,0.05,0.01
2,3,100,64,256,0.05,0.1
2,3,100,64,256,0.1,0.0
2,3,100,64,256,0.1,0.01
2,3,100,64,256,0.1,0.1
2,5,20,32,64,0.0,0.0
2,5,20,32,64,0.0,0.01
2,5,20,32,64,0.0,0.1
2,5,20,32,64,0.05,0.0
2,5,20,32,64,0.05,0.01
2,5,20,32,64,0.05,0.1
2,5,20,32,64,0.1,0.0
2,5,20,32,64,0.1,0.01
2,5,20,32,64,0.1,0.1
2,5,20,32,128,0.0,0.0
2,5,20,32,128,0.0,0.01
2,5,20,32,128,0.0,0.1
2,5,20,32,128,0.05,0.0
2,5,20,32,128,0.05,0.01
2,5,20,32,128,0.05,0.1
2,5,20,32,128,0.1,0.0
2,5,20,32,128,0.1,0.01
2,5,20,32,128,0.1,0.1
2,5,20,32,256,0.0,0.0
2,5,20,32,256,0.0,0.01
2,5,20,32,256,0.0,0.1
2,5,20,32,256,0.05,0.0
2,5,20,32,256,0.05,0.01
2,5,20,32,256,0.05,0.1
2,5,20,32,256,0.1,0.0
2,5,20,32,256,0.1,0.01
2,5,20,32,256,0.1,0.1
2,5,20,64,64,0.0,0.0
2,5,20,64,64,0.0,0.01
2,5,20,64,64,0.0,0.1
2,5,20,64,64,0.05,0.0
2,5,20,64,64,0.05,0.01
2,5,20,64,64,0.05,0.1
2,5,20,64,64,0.1,0.0
2,5,20,64,64,0.1,0.01
2,5,20,64,64,0.1,0.1
2,5,20,64,128,0.0,0.0
2,5,20,64,128,0.0,0.01
2,5,20,64,128,0.0,0.1
2,5,20,64,128,0.05,0.0
2,5,20,64,128,0.05,0.01
2,5,20,64,128,0.05,0.1
2,5,20,64,128,0.1,0.0
2,5,20,64,128,0.1,0.01
2,5,20,64,128,0.1,0.1
2,5,20,64,256,0.0,0.0
2,5,20,64,256,0.0,0.01
2,5,20,64,256,0.0,0.1
2,5,20,64,256,0.05,0.0
2,5,20,64,256,0.05,0.01
2,5,20,64,256,0.05,0.1
2,5,20,64,256,0.1,0.0
2,5,20,64,256,0.1,0.01
2,5,20,64,256,0.1,0.1
2,5,50,32,64,0.0,0.0
2,5,50,32,64,0.0,0.01
2,5,50,32,64,0.0,0.1
2,5,50,32,64,0.05,0.0
2,5,50,32,64,0.05,0.01
2,5,50,32,64,0.05,0.1
2,5,50,32,64,0.1,0.0
2,5,50,32,64,0.1,0.01
2,5,50,32,64,0.1,0.1
2,5,50,32,128,0.0,0.0
2,5,50,32,128,0.0,0.01
2,5,50,32,128,0.0,0.1
2,5,50,32,128,0.05,0.0
2,5,50,32,128,0.05,0.01
2,5,50,32,128,0.05,0.1
2,5,50,32,128,0.1,0.0
2,5,50,32,128,0.1,0.01
2,5,50,32,128,0.1,0.1
2,5,50,32,256,0.0,0.0
2,5,50,32,256,0.0,0.01
2,5,50,32,256,0.0,0.1
2,5,50,32,256,0.05,0.0
2,5,50,32,256,0.05,0.01
2,5,50,32,256,0.05,0.1
2,5,50,32,256,0.1,0.0
2,5,50,32,256,0.1,0.01
2,5,50,32,256,0.1,0.1
2,5,50,64,64,0.0,0.0
2,5,50,64,64,0.0,0.01
2,5,50,64,64,0.0,0.1
2,5,50,64,64,0.05,0.0
2,5,50,64,64,0.05,0.01
2,5,50,64,64,0.05,0.1
2,5,50,64,64,0.1,0.0
2,5,50,64,64,0.1,0.01
2,5,50,64,64,0.1,0.1
2,5,50,64,128,0.0,0.0
2,5,50,64,128,0.0,0.01
2,5,50,64,128,0.0,0.1
2,5,50,64,128,0.05,0.0
2,5,50,64,128,0.05,0.01
2,5,50,64,128,0.05,0.1
2,5,50,64,128,0.1,0.0
2,5,50,64,128,0.1,0.01
2,5,50,64,128,0.1,0.1
2,5,50,64,256,0.0,0.0
2,5,50,64,256,0.0,0.01
2,5,50,64,256,0.0,0.1
2,5,50,64,256,0.05,0.0
2,5,50,64,256,0.05,0.01
2,5,50,64,256,0.05,0.1
2,5,50,64,256,0.1,0.0
2,5,50,64,256,0.1,0.01
2,5,50,64,256,0.1,0.1
2,5,100,32,64,0.0,0.0
2,5,100,32,64,0.0,0.01
2,5,100,32,64,0.0,0.1
2,5,100,32,64,0.05,0.0
2,5,100,32,64,0.05,0.01
2,5,100,32,64,0.05,0.1
2,5,100,32,64,0.1,0.0
2,5,100,32,64,0.1,0.01
2,5,100,32,64,0.1,0.1
2,5,100,32,128,0.0,0.0
2,5,100,32,128,0.0,0.01
2,5,100,32,128,0.0,0.1
2,5,100,32,128,0.05,0.0
2,5,100,32,128,0.05,0.01
2,5,100,32,128,0.05,0.1
2,5,100,32,128,0.1,0.0
2,5,100,32,128,0.1,0.01
2,5,100,32,128,0.1,0.1
2,5,100,32,256,0.0,0.0
2,5,100,32,256,0.0,0.01
2,5,100,32,256,0.0,0.1
2,5,100,32,256,0.05,0.0
2,5,100,32,256,0.05,0.01
2,5,100,32,256,0.05,0.1
2,5,100,32,256,0.1,0.0
2,5,100,32,256,0.1,0.01
2,5,100,32,256,0.1,0.1
2,5,100,64,64,0.0,0.0
2,5,100,64,64,0.0,0.01
2,5,100,64,64,0.0,0.1
2,5,100,64,64,0.05,0.0
2,5,100,64,64,0.05,0.01
2,5,100,64,64,0.05,0.1
2,5,100,64,64,0.1,0.0
2,5,100,64,64,0.1,0.01
2,5,100,64,64,0.1,0.1
2,5,100,64,128,0.0,0.0
2,5,100,64,128,0.0,0.01
2,5,100,64,128,0.0,0.1
2,5,100,64,128,0.05,0.0
2,5,100,64,128,0.05,0.01
2,5,100,64,128,0.05,0.1
2,5,100,64,128,0.1,0.0
2,5,100,64,128,0.1,0.01
2,5,100,64,128,0.1,0.1
2,5,100,64,256,0.0,0.0
2,5,100,64,256,0.0,0.01
2,5,100,64,256,0.0,0.1
2,5,100,64,256,0.05,0.0
2,5,100,64,256,0.05,0.01
2,5,100,64,256,0.05,0.1
2,5,100,64,256,0.1,0.0
2,5,100,64,256,0.1,0.01
2,5,100,64,256,0.1,0.1
