0,1,10,32,64,0.001,100
0,1,10,32,64,0.0001,100
0,1,10,32,64,1e-05,100
0,1,10,32,256,0.001,100
0,1,10,32,256,0.0001,100
0,1,10,32,256,1e-05,100
0,1,10,64,64,0.001,100
0,1,10,64,64,0.0001,100
0,1,10,64,64,1e-05,100
0,1,10,64,256,0.001,100
0,1,10,64,256,0.0001,100
0,1,10,64,256,1e-05,100
0,1,10,256,64,0.001,100
0,1,10,256,64,0.0001,100
0,1,10,256,64,1e-05,100
0,1,10,256,256,0.001,100
0,1,10,256,256,0.0001,100
0,1,10,256,256,1e-05,100
0,1,20,32,64,0.001,100
0,1,20,32,64,0.0001,100
0,1,20,32,64,1e-05,100
0,1,20,32,256,0.001,100
0,1,20,32,256,0.0001,100
0,1,20,32,256,1e-05,100
0,1,20,64,64,0.001,100
0,1,20,64,64,0.0001,100
0,1,20,64,64,1e-05,100
0,1,20,64,256,0.001,100
0,1,20,64,256,0.0001,100
0,1,20,64,256,1e-05,100
0,1,20,256,64,0.001,100
0,1,20,256,64,0.0001,100
0,1,20,256,64,1e-05,100
0,1,20,256,256,0.001,100
0,1,20,256,256,0.0001,100
0,1,20,256,256,1e-05,100
0,1,50,32,64,0.001,100
0,1,50,32,64,0.0001,100
0,1,50,32,64,1e-05,100
0,1,50,32,256,0.001,100
0,1,50,32,256,0.0001,100
0,1,50,32,256,1e-05,100
0,1,50,64,64,0.001,100
0,1,50,64,64,0.0001,100
0,1,50,64,64,1e-05,100
0,1,50,64,256,0.001,100
0,1,50,64,256,0.0001,100
0,1,50,64,256,1e-05,100
0,1,50,256,64,0.001,100
0,1,50,256,64,0.0001,100
0,1,50,256,64,1e-05,100
0,1,50,256,256,0.001,100
0,1,50,256,256,0.0001,100
0,1,50,256,256,1e-05,100
0,2,10,32,64,0.001,100
0,2,10,32,64,0.0001,100
0,2,10,32,64,1e-05,100
0,2,10,32,256,0.001,100
0,2,10,32,256,0.0001,100
0,2,10,32,256,1e-05,100
0,2,10,64,64,0.001,100
0,2,10,64,64,0.0001,100
0,2,10,64,64,1e-05,100
0,2,10,64,256,0.001,100
0,2,10,64,256,0.0001,100
0,2,10,64,256,1e-05,100
0,2,10,256,64,0.001,100
0,2,10,256,64,0.0001,100
0,2,10,256,64,1e-05,100
0,2,10,256,256,0.001,100
0,2,10,256,256,0.0001,100
0,2,10,256,256,1e-05,100
0,2,20,32,64,0.001,100
0,2,20,32,64,0.0001,100
0,2,20,32,64,1e-05,100
0,2,20,32,256,0.001,100
0,2,20,32,256,0.0001,100
0,2,20,32,256,1e-05,100
0,2,20,64,64,0.001,100
0,2,20,64,64,0.0001,100
0,2,20,64,64,1e-05,100
0,2,20,64,256,0.001,100
0,2,20,64,256,0.0001,100
0,2,20,64,256,1e-05,100
0,2,20,256,64,0.001,100
0,2,20,256,64,0.0001,100
0,2,20,256,64,1e-05,100
0,2,20,256,256,0.001,100
0,2,20,256,256,0.0001,100
0,2,20,256,256,1e-05,100
0,2,50,32,64,0.001,100
0,2,50,32,64,0.0001,100
0,2,50,32,64,1e-05,100
0,2,50,32,256,0.001,100
0,2,50,32,256,0.0001,100
0,2,50,32,256,1e-05,100
0,2,50,64,64,0.001,100
0,2,50,64,64,0.0001,100
0,2,50,64,64,1e-05,100
0,2,50,64,256,0.001,100
0,2,50,64,256,0.0001,100
0,2,50,64,256,1e-05,100
0,2,50,256,64,0.001,100
0,2,50,256,64,0.0001,100
0,2,50,256,64,1e-05,100
0,2,50,256,256,0.001,100
0,2,50,256,256,0.0001,100
0,2,50,256,256,1e-05,100
1,1,10,32,64,0.001,100
1,1,10,32,64,0.0001,100
1,1,10,32,64,1e-05,100
1,1,10,32,256,0.001,100
1,1,10,32,256,0.0001,100
1,1,10,32,256,1e-05,100
1,1,10,64,64,0.001,100
1,1,10,64,64,0.0001,100
1,1,10,64,64,1e-05,100
1,1,10,64,256,0.001,100
1,1,10,64,256,0.0001,100
1,1,10,64,256,1e-05,100
1,1,10,256,64,0.001,100
1,1,10,256,64,0.0001,100
1,1,10,256,64,1e-05,100
1,1,10,256,256,0.001,100
1,1,10,256,256,0.0001,100
1,1,10,256,256,1e-05,100
1,1,20,32,64,0.001,100
1,1,20,32,64,0.0001,100
1,1,20,32,64,1e-05,100
1,1,20,32,256,0.001,100
1,1,20,32,256,0.0001,100
1,1,20,32,256,1e-05,100
1,1,20,64,64,0.001,100
1,1,20,64,64,0.0001,100
1,1,20,64,64,1e-05,100
1,1,20,64,256,0.001,100
1,1,20,64,256,0.0001,100
1,1,20,64,256,1e-05,100
1,1,20,256,64,0.001,100
1,1,20,256,64,0.0001,100
1,1,20,256,64,1e-05,100
1,1,20,256,256,0.001,100
1,1,20,256,256,0.0001,100
1,1,20,256,256,1e-05,100
1,1,50,32,64,0.001,100
1,1,50,32,64,0.0001,100
1,1,50,32,64,1e-05,100
1,1,50,32,256,0.001,100
1,1,50,32,256,0.0001,100
1,1,50,32,256,1e-05,100
1,1,50,64,64,0.001,100
1,1,50,64,64,0.0001,100
1,1,50,64,64,1e-05,100
1,1,50,64,256,0.001,100
1,1,50,64,256,0.0001,100
1,1,50,64,256,1e-05,100
1,1,50,256,64,0.001,100
1,1,50,256,64,0.0001,100
1,1,50,256,64,1e-05,100
1,1,50,256,256,0.001,100
1,1,50,256,256,0.0001,100
1,1,50,256,256,1e-05,100
1,2,10,32,64,0.001,100
1,2,10,32,64,0.0001,100
1,2,10,32,64,1e-05,100
1,2,10,32,256,0.001,100
1,2,10,32,256,0.0001,100
1,2,10,32,256,1e-05,100
1,2,10,64,64,0.001,100
1,2,10,64,64,0.0001,100
1,2,10,64,64,1e-05,100
1,2,10,64,256,0.001,100
1,2,10,64,256,0.0001,100
1,2,10,64,256,1e-05,100
1,2,10,256,64,0.001,100
1,2,10,256,64,0.0001,100
1,2,10,256,64,1e-05,100
1,2,10,256,256,0.001,100
1,2,10,256,256,0.0001,100
1,2,10,256,256,1e-05,100
1,2,20,32,64,0.001,100
1,2,20,32,64,0.0001,100
1,2,20,32,64,1e-05,100
1,2,20,32,256,0.001,100
1,2,20,32,256,0.0001,100
1,2,20,32,256,1e-05,100
1,2,20,64,64,0.001,100
1,2,20,64,64,0.0001,100
1,2,20,64,64,1e-05,100
1,2,20,64,256,0.001,100
1,2,20,64,256,0.0001,100
1,2,20,64,256,1e-05,100
1,2,20,256,64,0.001,100
1,2,20,256,64,0.0001,100
1,2,20,256,64,1e-05,100
1,2,20,256,256,0.001,100
1,2,20,256,256,0.0001,100
1,2,20,256,256,1e-05,100
1,2,50,32,64,0.001,100
1,2,50,32,64,0.0001,100
1,2,50,32,64,1e-05,100
1,2,50,32,256,0.001,100
1,2,50,32,256,0.0001,100
1,2,50,32,256,1e-05,100
1,2,50,64,64,0.001,100
1,2,50,64,64,0.0001,100
1,2,50,64,64,1e-05,100
1,2,50,64,256,0.001,100
1,2,50,64,256,0.0001,100
1,2,50,64,256,1e-05,100
1,2,50,256,64,0.001,100
1,2,50,256,64,0.0001,100
1,2,50,256,64,1e-05,100
1,2,50,256,256,0.001,100
1,2,50,256,256,0.0001,100
1,2,50,256,256,1e-05,100
2,1,10,32,64,0.001,100
2,1,10,32,64,0.0001,100
2,1,10,32,64,1e-05,100
2,1,10,32,256,0.001,100
2,1,10,32,256,0.0001,100
2,1,10,32,256,1e-05,100
2,1,10,64,64,0.001,100
2,1,10,64,64,0.0001,100
2,1,10,64,64,1e-05,100
2,1,10,64,256,0.001,100
2,1,10,64,256,0.0001,100
2,1,10,64,256,1e-05,100
2,1,10,256,64,0.001,100
2,1,10,256,64,0.0001,100
2,1,10,256,64,1e-05,100
2,1,10,256,256,0.001,100
2,1,10,256,256,0.0001,100
2,1,10,256,256,1e-05,100
2,1,20,32,64,0.001,100
2,1,20,32,64,0.0001,100
2,1,20,32,64,1e-05,100
2,1,20,32,256,0.001,100
2,1,20,32,256,0.0001,100
2,1,20,32,256,1e-05,100
2,1,20,64,64,0.001,100
2,1,20,64,64,0.0001,100
2,1,20,64,64,1e-05,100
2,1,20,64,256,0.001,100
2,1,20,64,256,0.0001,100
2,1,20,64,256,1e-05,100
2,1,20,256,64,0.001,100
2,1,20,256,64,0.0001,100
2,1,20,256,64,1e-05,100
2,1,20,256,256,0.001,100
2,1,20,256,256,0.0001,100
2,1,20,256,256,1e-05,100
2,1,50,32,64,0.001,100
2,1,50,32,64,0.0001,100
2,1,50,32,64,1e-05,100
2,1,50,32,256,0.001,100
2,1,50,32,256,0.0001,100
2,1,50,32,256,1e-05,100
2,1,50,64,64,0.001,100
2,1,50,64,64,0.0001,100
2,1,50,64,64,1e-05,100
2,1,50,64,256,0.001,100
2,1,50,64,256,0.0001,100
2,1,50,64,256,1e-05,100
2,1,50,256,64,0.001,100
2,1,50,256,64,0.0001,100
2,1,50,256,64,1e-05,100
2,1,50,256,256,0.001,100
2,1,50,256,256,0.0001,100
2,1,50,256,256,1e-05,100
2,2,10,32,64,0.001,100
2,2,10,32,64,0.0001,100
2,2,10,32,64,1e-05,100
2,2,10,32,256,0.001,100
2,2,10,32,256,0.0001,100
2,2,10,32,256,1e-05,100
2,2,10,64,64,0.001,100
2,2,10,64,64,0.0001,100
2,2,10,64,64,1e-05,100
2,2,10,64,256,0.001,100
2,2,10,64,256,0.0001,100
2,2,10,64,256,1e-05,100
2,2,10,256,64,0.001,100
2,2,10,256,64,0.0001,100
2,2,10,256,64,1e-05,100
2,2,10,256,256,0.001,100
2,2,10,256,256,0.0001,100
2,2,10,256,256,1e-05,100
2,2,20,32,64,0.001,100
2,2,20,32,64,0.0001,100
2,2,20,32,64,1e-05,100
2,2,20,32,256,0.001,100
2,2,20,32,256,0.0001,100
2,2,20,32,256,1e-05,100
2,2,20,64,64,0.001,100
2,2,20,64,64,0.0001,100
2,2,20,64,64,1e-05,100
2,2,20,64,256,0.001,100
2,2,20,64,256,0.0001,100
2,2,20,64,256,1e-05,100
2,2,20,256,64,0.001,100
2,2,20,256,64,0.0001,100
2,2,20,256,64,1e-05,100
2,2,20,256,256,0.001,100
2,2,20,256,256,0.0001,100
2,2,20,256,256,1e-05,100
2,2,50,32,64,0.001,100
2,2,50,32,64,0.0001,100
2,2,50,32,64,1e-05,100
2,2,50,32,256,0.001,100
2,2,50,32,256,0.0001,100
2,2,50,32,256,1e-05,100
2,2,50,64,64,0.001,100
2,2,50,64,64,0.0001,100
2,2,50,64,64,1e-05,100
2,2,50,64,256,0.001,100
2,2,50,64,256,0.0001,100
2,2,50,64,256,1e-05,100
2,2,50,256,64,0.001,100
2,2,50,256,64,0.0001,100
2,2,50,256,64,1e-05,100
2,2,50,256,256,0.001,100
2,2,50,256,256,0.0001,100
2,2,50,256,256,1e-05,100
